44100
[[   0    0]
 [   0    0]
 [   0    0]
 ...
 [1363 1363]
 [1391 1391]
 [1523 1523]]
[[  4.37275458  -4.58897544  -7.71213097  -8.38301615 -29.89204263
    1.28124156  -5.12565644  14.94425204  -3.88802572  -9.31919016
  -11.44426269  -0.68076128   2.23264512]
 [  5.16717937  -3.51378669  -7.21042905 -13.11496837 -38.32334794
   -6.14126252 -10.16230134  11.49079713  -6.74842761 -13.15967631
  -12.24004772  -1.00339751   5.72991168]
 [  5.48312594   0.65005223  -1.37632624  -7.88867288 -34.43588262
   -0.51189176  -5.14839684  11.98466242  -8.69410272 -15.99853039
  -15.11311309   0.39592257   6.40217872]
 [  5.71613777   2.25381201  -0.34296014  -8.07666203 -31.87536189
    1.16052971   3.88528166  10.23737074 -14.87777644 -16.18594633
   -7.85699031   5.1013115    8.48583255]
 [  5.83576079   3.38650713   0.42584857  -6.8036712  -27.49364781
    6.34211067   7.57164751   9.54278317 -14.94752807 -18.77069641
  -14.77413089  -1.2796991    4.92643097]
 [  6.18196978   6.20641573   4.18424192  -6.6384474  -32.54927982
   -2.02148745   4.52794237  10.95245691 -13.95633985 -19.56311215
  -12.57378061   3.73876679  13.39372458]
 [  6.37187995   6.64535076   4.38151162  -8.11776485 -36.76054761
   -6.52712693  -1.44450821   8.09684016 -16.41640797 -20.6763686
  -10.27461509   3.67976389  13.05882951]
 [  7.15363366  11.75616607   6.33829242 -15.51191223 -38.065848
   -1.67921306   8.16827614   3.92775484 -15.4325059  -19.94505028
    0.3107566    6.50819322   7.93876016]
 [  7.24386564  12.33599681   5.44736118 -15.11634159 -34.86020614
   -1.46359019  11.73982909   3.06798615 -15.05189142 -16.28079029
    1.08588768   7.21122234   4.21886254]
 [  7.6468367   15.71786832   6.61274428 -13.53271532 -29.77004012
   -1.95331669   6.62647053   0.55836921 -10.59050549 -13.19378715
    3.48717997  10.80591266   9.24793475]
 [  7.7269336   15.13995053  11.19741908 -11.32469398 -36.55663284
   -5.16796296   4.95868277   1.10270633 -15.05409961 -23.48661979
   -6.67526731  10.11434503  17.32841224]
 [  8.08795993  16.01678556  10.58187034 -12.27929571 -38.79986412
  -11.32183113   0.10189465   0.34037633 -15.26017713 -25.41438188
   -7.77921898   7.59446192  20.9126704 ]
 [  8.05594322  18.45453724  14.65977491  -8.29076123 -34.89841908
   -7.22899558   5.92802707   4.38455797 -14.42286009 -21.16942568
   -4.56424581   1.57624685  13.96255012]
 [  8.17520761  19.1748849   13.30002704 -11.68654317 -34.29084718
   -9.23148318  12.75210646   8.12975601 -12.26860259 -21.41804084
   -2.25120539  -0.0479773   12.81285904]
 [  8.46804445  20.61739503  12.2946254  -13.17148937 -29.32792598
   -3.24097692  13.78005738   3.71680899 -11.13180074 -19.86688095
    0.53717717   2.33584947  14.78814753]
 [  9.15915696  23.10533814  16.11002753 -14.89494304 -34.4161349
   -7.8995413   10.05857921  -5.0311593  -20.03620481 -30.45907302
   -1.84765798   3.22691352  16.17219111]
 [  9.33613621  24.32652711  16.9659171  -16.14586385 -34.9302914
   -6.54649017  10.77812931  -3.75812432 -18.49242202 -32.95470254
   -1.53624513   2.56140063  16.76625583]
 [  9.13295098  22.14332785   6.97058914 -15.85228921 -22.96570766
   -6.28561833   4.90284812  -1.41805073  -9.48059021 -24.78093194
   -0.96694829  -1.51937167  11.65078626]
 [  9.2840811   22.57787403   9.06780392 -15.90237544 -27.0721579
  -11.4556161    0.92213387  -3.63956262 -10.75509935 -24.6216178
   -6.46481335  -7.9007278    8.09247675]
 [  9.62389587  25.04211679  13.45274072 -18.78311161 -31.8413478
   -8.2885785    9.3652729   -4.20614329 -12.82340106 -27.093736
   -0.80899756  -2.03217188  13.28352557]]