

[  3.66071421 -16.529637   -20.64762383  -9.81350871 -19.25814679
  -7.76637016 -22.38481969 -19.06657104 -11.02801125   4.8403137
  -5.08169418  16.82183996   7.34913792]


[  0.66361719 -23.0192371  -29.06448283  -5.28981197  -5.22499269
 -15.36035895   3.036588    -8.41977906  -5.2268064    6.26783773
 -14.45720127  11.94441319 -13.11640092]


[  1.76332076 -16.60589978 -20.20520984  -9.61764898 -15.21763556
  10.97160272  10.86504358  -1.23080614  -9.9258509    0.35289687
 -30.62227584  -5.33422746   4.44177879]


[  4.62866669  -0.62863724  -7.44370756  -7.13031585 -14.91307653
   4.41693275 -12.39386725   2.31840108   2.32935248  -3.80657474
 -14.35116793  -7.88304622   3.04111291]


[  8.83801328  19.96698441  -6.40611924 -21.60201649   4.91869311
   6.28974959  -2.61627486 -11.91085708   9.2848247   -7.54926981
   3.52265769  -5.5332759   11.47042311]


[  9.69194804  24.31046242  -4.69352429 -26.49948696  10.71048797
   5.7504825   -9.79672003 -15.48190199  18.66294731 -13.50694286
  -1.83475411  -8.89046252   9.94130733]


[  9.99198599  24.7592292   -4.73425092 -23.99005682  16.52341214
   1.54610928 -12.56764945 -17.6205545   20.51106312 -13.51506247
  -2.66913691 -12.81482426   4.09887698]


[ 10.1770059   25.1510033   -5.07420438 -23.57073022  21.2324737
   1.44575545 -10.70825693 -18.17588565  23.49661242 -14.02692595
  -5.03824446 -11.88370172   4.39522096]


[ 10.22256787  26.57879184  -3.66838736 -23.12045005  23.8772969
   5.54766428  -7.78729756 -15.98030946  24.23254292 -15.11620858
  -2.2660015   -7.16713697   8.16427056]


[ 10.06500041  23.06418167  -4.25685101 -18.81348484  18.25515838
   5.69553701  -6.78815402 -12.24421012  19.50210709  -8.9684794
   3.25242458  -5.79594758   9.01684029]


[ 10.17262502  25.39334825  -5.87023106 -27.72034821  18.36830529
   3.77363161 -11.53055651 -16.60591438  25.9480579  -11.56999757
   3.66599595  -6.06805319  10.57856679]


[ 10.16588221  25.12846452  -5.66358421 -24.96113235  18.40403698
   2.39616102  -9.5225193  -13.59641349  24.9047211  -10.15345692
   3.22913975 -11.05103116   6.39650594]


[ 10.24257277  26.88567061  -5.35917207 -26.02954351  16.99970597
   1.63766275  -5.2697544  -14.79237644  25.79842206  -6.72466681
   1.75666441 -11.14219079   8.66538165]


[ 10.18005564  26.60038452  -5.79908323 -28.73151816  13.12154326
  -1.26942562  -8.60571182 -14.51071057  25.4967596  -10.5536497
   1.12497347  -4.296981    11.32882447]


[ 10.38730245  26.97216128  -4.24609947 -25.57820585  13.37023349
  -2.26078467 -12.25753059 -20.2207857   17.30165196 -17.62110999
  -7.93025114 -15.35943508   2.84607744]


[ 10.44240644  27.13043755  -3.50487326 -24.9959879   12.18179238
  -6.24240271 -15.89944667 -22.36654131  18.03758368 -20.30980201
 -16.19953938 -18.92010227   1.53677111]


[ 10.42091958  27.25949423  -3.09425489 -24.22185335  16.88064009
  -3.60248229 -14.20392122 -20.28946638  22.07629391 -19.01579761
 -12.93980202 -11.47567827  10.49459332]


[ 10.25997671  26.44932607  -3.68637397 -24.24795399  17.07827816
  -2.58117759 -11.99249316 -13.40606921  25.52800384 -17.10470165
  -7.4876934   -8.78872121  10.32742343]


[ 10.21331036  26.85720582  -3.99709605 -26.07570405  15.73196346
   1.58708731 -10.04896053 -14.03086823  21.40661182 -19.46312697
  -6.30601362 -12.84036041   7.89445805]


[ 10.28460528  25.63450028  -4.95849895 -26.25139517  12.78769341
  -2.89455933 -13.69683542 -14.25586965  20.4296771  -18.66260533
  -6.81607443 -16.77309878   2.37696322]


[ 10.36212648  27.55877835  -3.68788311 -26.72527358  15.77222596
   0.80717898 -11.74485716 -16.36982091  20.10072391 -18.83771903
  -4.01175516 -12.50399626   4.85641805]


[ 10.50737491  29.31154037  -3.59032979 -28.62231492  15.61470578
  -0.05061815  -8.93776974 -17.20496448  24.50639354 -14.94802588
  -2.07733248  -5.93145918  13.25255509]


[ 10.32881364  27.26145603  -3.9909884  -27.91668281  15.26150184
   0.37423461  -9.55911987 -10.92192519  30.66710627 -14.44785047
  -2.82610389  -3.43440199  13.62634144]


[ 10.28500712  26.19472157  -5.19000809 -27.618036    11.16804765
   1.4083072   -4.32443365  -8.47329142  24.89741491 -13.2335459
  -2.45763462  -9.29462268   8.51935586]


[ 10.17294601  27.20011685  -3.28783376 -25.23055637  14.64088887
   1.76780253 -10.79544957 -15.75762838  22.81930751 -11.27193928
  -1.18962548 -16.18792995   2.37240462]


[ 10.16870652  26.36854904  -3.41609234 -24.35342779  15.03075534
   2.84652547  -8.42443614 -14.3702063   27.51532872  -7.72220818
  -4.93095981 -17.61905406   2.17289587]


[  9.98133814  22.93121846  -5.07661629 -22.36203757  16.63542271
   1.34289618 -11.84865288 -13.2954632   29.50299476  -5.15364851
  -1.11137256 -15.45925023   1.38497502]


[ 10.11582116  24.1823704   -6.16287095 -27.6116197   16.68313461
   2.19701965 -12.98403056 -16.0121941   25.88520916 -16.9670369
  -8.2467384  -17.73715866   0.79239885]


[ 10.19785796  24.92573721  -6.13337932 -26.36039429  17.74421066
   2.00238629  -8.54844958 -13.7021407   24.70343282 -18.95989115
 -11.36252004 -18.54740888  -1.73022054]


[ 10.2917136   23.40780989  -8.31107215 -25.52797127  14.68277996
  -2.35378238  -5.647019   -14.95010802  21.87620579  -8.82403928
  -3.93786202 -18.02790979  -5.33511543]


[ 10.45631311  24.40741899  -9.16414404 -33.2998294   14.30058586
  -3.94072274 -16.32182337 -21.58030137  28.16721046 -10.72540264
   0.53698434 -11.27982106   0.14303426]


[ 10.3400332   23.85418009  -9.63862261 -32.51330816  15.5787657
  -4.74126957 -16.09322773 -20.40716197  26.61074325 -13.62234487
  -1.32710926 -11.88082675   2.91973909]


[ 10.5079713   25.26024556  -8.39658145 -30.3608565   21.38937985
  -2.01410962 -14.7646843  -21.18636606  25.48940593 -14.61033466
   3.87953238  -6.24559497  10.26147427]


[ 10.39000431  23.81669372  -7.80749098 -26.49622053  18.20420392
  -2.11633823 -14.23773388 -19.96600836  22.13995072  -9.93940195
   5.62688065  -7.11040764  11.89675207]


[ 10.50613902  22.09082803  -7.56317535 -21.81400492  15.93067217
  -4.87427858 -10.24502434 -15.63137826  18.58494589 -11.06717408
  -0.23357342  -6.06053946   8.64165422]


[ 10.41211972  24.10275676  -8.95802174 -30.35498979  20.87716935
  -1.7777197  -12.73962433 -17.76931868  25.23461371 -19.460493
  -3.22075932  -8.1929623    7.89664668]


[ 10.66347789  22.26792641 -11.44812957 -28.97648517  26.75963698
  -8.81340565 -16.78122683 -24.55386842  19.76463719 -25.86363028
  -5.66301129  -8.81067209   9.42090767]


[ 10.74790998  22.5419705   -9.82264647 -25.38181277  25.52190562
  -6.29628952 -15.02075336 -24.41135771  13.96409597 -25.16599717
  -4.9773174   -9.79837002  10.61495228]


[ 10.93012167  25.28638042  -9.49601604 -30.03431584  30.16249791
  -2.34685139 -16.21506968 -28.94620922  20.94779967 -19.81294625
   1.96511707 -18.018423     4.18331891]


[ 10.9014025   23.34707224  -9.92148782 -28.14771766  29.80959869
   0.35886821 -13.80091269 -28.50413281  22.08511263 -15.50397784
   1.12277639 -19.6859792    3.60453776]


[ 10.75014331  22.61166745  -9.75504789 -27.17811464  28.4572107
  -5.16390166 -15.68510497 -22.08244453  28.33766881 -13.96142032
   0.52370759 -15.74234383   8.14830316]


[ 10.92244244  22.43455053 -10.96431314 -28.19316241  27.96057976
  -6.29208541 -14.04383832 -18.08754251  31.99899154  -9.592965
   6.45078961 -11.55662625  14.43008196]


[ 10.98708301  20.95406833 -12.84880993 -27.61191461  26.18372509
  -9.94779649 -15.42054654 -23.09641463  24.47443395 -10.27958363
   4.74894628 -13.75684384  15.01041915]


[ 11.06752776  21.22921759 -11.12878373 -26.25283342  28.61702282
 -11.02471795 -17.69379295 -27.01847643  27.27972842 -12.80788476
  -2.83652054 -11.2476517   12.18027542]


[ 11.0700736   21.89177774 -11.66680865 -26.88961564  30.13853018
 -14.87879074 -17.64106298 -26.26061311  26.30717724 -20.28070777
 -10.86271754 -18.99366967   3.65447684]


[ 11.03439876  22.40125928 -11.01048525 -28.08722688  30.30912437
 -10.12253657 -16.34616235 -20.54717016  28.9643485  -21.48828774
  -7.9043877  -21.35245342   2.52188148]


[ 10.85290328  22.29981949 -11.35235245 -29.40937372  30.00397512
  -8.32135839 -17.89188962 -21.85039289  30.01624991 -18.64425954
  -2.74183268 -17.9610496    1.03310719]


[ 10.94378207  22.80500599 -13.06510261 -32.07744695  30.41302714
  -7.30390675 -14.09039611 -21.16898756  31.11116427 -17.19675591
  -2.27257293 -20.616878     1.2060095 ]


[ 10.98522462  20.90186433 -12.13640235 -28.23477509  23.52624369
  -6.16472078 -14.01731603 -21.5256172   27.34491063  -9.09464492
   0.09798791 -19.25141074   5.89556748]


[ 10.98220077  23.32204161 -12.26080475 -32.50981773  25.29294847
  -7.18376099 -14.75482046 -20.95463973  28.2641393  -18.42346001
  -4.38667251 -21.90532939   5.5453032 ]


[ 10.98530814  22.96765991 -10.67874921 -28.88651275  22.16950928
  -9.50519703 -16.98931548 -25.81874102  23.91146839 -12.86513802
  -1.9651761  -17.19615623  11.11874185]


[ 11.16558658  22.88171847 -11.52473915 -28.82053385  35.13378995
 -12.72575389 -14.43611147 -20.50604499  34.69995858 -17.91717698
   0.18904153  -8.39523002  13.35975921]


[ 11.13071243  22.4724857  -10.60839316 -27.36124999  38.77824653
 -10.99165354 -13.76242661 -15.12819926  39.32565973 -19.60758284
  -0.55457351 -11.63268227  11.5921964 ]


[ 10.94326948  19.31685759 -11.93689254 -24.57671471  30.61298951
 -11.88386298 -11.91418382 -13.48530893  34.33298623 -13.24010614
  -1.73465556 -12.13561788   9.30467456]


[ 10.8063121   19.70425604 -10.56219055 -24.62173862  20.56459789
  -8.3429399  -12.63987143 -14.21971275  29.92344238  -7.17323457
  -0.30868401 -12.2056356    6.00705416]


[ 10.91753433  23.13392828  -9.18746542 -27.33866765  28.482626
 -12.04350605 -16.8473505  -13.39883226  37.39646093 -15.06429303
   0.52180157 -13.13583833   3.29961448]


[ 10.86358569  23.84196484  -9.21580866 -27.64417962  29.21947258
  -9.74852814 -13.45094087 -12.35321053  39.1822965  -10.19224423
   4.12163439 -11.5198848    9.9052046 ]


[ 10.61619605  23.8460303   -8.72945786 -27.46334155  29.77870313
  -1.84970244 -10.66396824 -13.33578621  35.64566799 -13.45936495
   1.66389495 -10.25285293   9.93302527]


[ 10.72581846  23.26080189  -8.91367925 -24.80900877  27.18268907
  -5.47087687  -9.41815182 -14.15338262  30.57850979 -11.34581334
   0.53159432 -12.45252124   9.74905192]


[ 1.08878725e+01  2.41204987e+01 -6.93112313e+00 -2.51946773e+01
  2.83900508e+01 -3.05458397e+00 -1.22583779e+01 -1.11407916e+01
  3.42378548e+01 -1.53050208e+01  1.04192926e-02 -1.25737054e+01
  9.28095580e+00]


[ 10.79220936  24.35771376  -5.91037981 -22.44859255  25.9812582
  -4.63204316 -12.64961968 -15.7283322   31.8153999   -8.4912244
   1.87740953  -8.34882175  11.04379012]


[ 10.80665108  25.29118182  -5.90858451 -24.55640001  24.90241852
  -3.37112853 -13.7598855  -18.64485755  29.02621715 -10.57742026
   5.39793806  -0.74140585  15.0734717 ]


[ 10.72637258  25.67400651  -6.12236598 -24.22012122  26.6461614
  -2.63799047 -12.6270832  -19.55662245  29.34432107  -9.30929276
   5.93475689   1.1739974   13.50368546]


[ 10.53854883  26.31153523  -5.91580123 -26.90466083  26.38481537
   0.77738499 -14.3493482  -16.63235404  30.02606545 -12.64914931
   8.13728639  -4.06932321  10.80213383]


[ 10.51252355  25.80610467  -5.2808668  -25.01727822  23.38930291
   3.07624446  -9.96287737 -12.32729041  31.35548272  -7.77612672
   7.22931794  -4.80538765   9.88317628]


[ 10.35322951  23.21248862  -8.40924806 -25.63391659  17.31866903
  -5.10836112 -12.58616982 -16.93047258  26.11500959  -4.8142116
   6.63653941  -5.09908839   6.6948755 ]


[ 10.19531617  24.54372129  -6.73720522 -26.22547417  20.84953
   0.85870201 -12.11598177 -19.26319616  27.75780638  -7.53677625
   4.3887482   -3.1841736    9.14362039]


[ 10.3142499   25.48761728  -6.33502568 -28.16988082  18.98327471
   4.41499185  -8.38774023 -18.16949284  27.79477693  -8.63059816
   1.84261284  -3.38440926  12.52230008]


[ 10.30190654  24.7260774   -7.10327154 -27.58631967  19.36668233
   0.87759763  -8.82574814 -13.62951997  29.37240043  -9.26603439
   6.0348953    3.09276982  14.22531987]


[ 10.23784526  24.54937889  -7.79743387 -29.07202899  21.12909066
   2.79824545  -7.6300238  -11.68064457  31.36606502 -11.36710766
   7.66780446   7.73578763  13.54909642]


[ 10.36371691  26.65624649  -5.12795949 -25.89127788  19.93192984
   0.84421186  -9.96771937 -13.40700844  27.42906175 -10.21149758
   8.73681892   2.62310302  13.93843842]


[ 10.46051829  27.81513816  -2.61423446 -22.86632664  18.74471524
   1.87854897 -10.12716861 -16.45722933  20.5123083  -12.62252206
   5.44973941  -0.60937325  13.6505986 ]


[ 10.38490442  27.02484242  -3.256922   -23.35968486  21.15367033
   0.76426548 -13.99385429 -18.31397454  23.87630996 -11.7693798
   6.30633544  -0.99178322  11.10336573]


[ 10.32654442  27.23744047  -2.54809391 -23.18141941  20.5728536
   3.61986062 -13.36746444 -18.82357615  22.87216244 -10.47532338
   7.98910203  -1.81776043   9.19189355]


[ 10.34538192  26.641473    -1.81919914 -21.7027408   15.78307735
   4.72799107 -12.25360659 -21.67635605  19.21745819  -6.29731465
   5.20712221  -6.08562115   8.62954132]


[ 10.30972488  26.41361454  -1.97193061 -21.41454112  15.30665046
   6.7310225   -6.66886282 -11.77165011  25.62567017  -2.15807435
   8.424855    -3.01054515  14.50257032]


[ 10.3699901   26.2317944   -2.34279596 -21.67637556  14.87467971
   7.51598481  -3.29767407 -10.20208208  20.71215117 -11.21141892
   1.09219752  -3.62519612  12.13434771]


[ 10.25398304  27.85309999  -2.01531334 -23.83988893  17.75248961
   9.03896468  -4.81836221 -17.31685351  18.59630916 -15.00853031
   0.49217197  -1.93572631  10.96135671]


[ 10.20816604  26.7964371   -3.01229393 -23.05436597  21.29351348
   7.5210424   -6.39306972 -18.42384432  19.15173985 -17.2290751
  -1.3004939    0.53417798  12.92897416]


[ 10.10826382  25.6835366   -4.58760211 -24.40073425  18.93830728
   4.40644672  -7.9906245  -15.43821394  23.28697655 -13.57583931
  -0.21836573  -3.21697526   9.70327626]


[ 10.23965212  23.49402203  -3.82459638 -17.251873    15.40545186
  -0.97250511  -7.99969587 -13.07547416  16.22356668 -11.57106117
  -1.3387462   -4.77184982  10.74877889]


[ 10.35136413  26.36108799  -1.99351605 -20.28291059  19.82368481
   2.47444734  -9.27546315 -14.20863406  23.75737931 -14.03862769
  -3.9155863   -4.42578412  11.11139889]


[ 10.48000857  27.19542465  -2.2381869  -20.8323851   27.27741758
   4.90003981 -10.30682278 -16.33929461  26.77873126 -13.27509087
   3.37284684  -0.73405253  10.54341498]


[ 10.41218651  24.93069886  -3.92703611 -19.4967033   26.24846834
   4.55678599 -10.85275969 -19.62470124  23.73740036  -7.43811325
   6.45032805  -3.9003898   11.56613988]


[ 10.71062635  26.18953062  -4.12677484 -23.97303502  25.97792407
   8.05533973 -10.15710053 -20.40760529  28.88764347  -3.55441103
  11.15200922  -6.47255746  11.52282047]


[ 10.62137506  25.0330505   -6.64475573 -26.23765325  22.12579237
   5.53518492  -8.31249216 -19.77661612  26.39802677  -2.4494591
  12.63498699  -5.92679422  13.55815931]


[ 10.53518715  25.21071867  -5.31335318 -24.97971128  24.89213247
   4.69160895 -13.24818811 -18.94338029  28.94826469  -5.56427043
  12.49171227  -1.38962831  12.22193186]


[ 10.48314687  25.70635     -4.78040502 -24.00567298  29.45578547
   1.93631842 -13.6829902  -15.13637253  29.71002243 -16.95262246
   3.41819267  -3.11185983  10.28920985]


[ 10.47014396  23.50775794  -7.23273417 -22.73596329  25.6815066
  -4.98476539 -11.45996027 -16.09582425  25.40034243 -17.16212689
  -6.52630965 -11.56770959   8.2773735 ]


[ 10.6915693   26.56924277  -6.02327539 -24.20692215  30.14151392
  -5.66817373  -9.44943724 -13.72179283  31.02457929 -18.82208052
  -4.76423702  -6.72948244  11.84973479]


[ 10.70494538  24.2936653   -6.71940409 -22.47440633  27.13443521
  -6.27152547 -10.75557513 -12.4183893   33.32957893  -8.48715755
   3.94160313  -2.50399567  11.51767875]


[ 10.91474218  25.80423901  -5.5712655  -23.8042608   31.05608388
  -1.78202023 -10.6778561  -12.58533718  38.41021579  -9.04660611
   5.69892256  -0.66270509  12.86566253]


[ 10.86020558  26.19363412  -5.0363444  -23.95073237  25.1535887
   0.08191916  -8.14791448 -14.56365464  35.09138714  -2.92670925
   8.11113835  -1.88479329  15.65468333]


[ 11.12656706  28.03023373  -3.01514853 -22.25585208  28.64625149
  -0.42180325  -9.57668323 -13.21484012  34.00145956  -9.61510079
   6.50783151   0.97909157  12.79114326]


[ 11.10469165  25.24508701  -3.97176921 -17.10856165  28.78968798
  -5.31489922  -8.32996479  -8.56849337  30.23582557  -8.87495392
   7.29310847  -0.09099616  13.13315315]


[ 10.81376234  25.71688572  -4.55225785 -21.59839055  30.33807194
  -0.64395354 -10.88291501 -10.96803464  31.22547695 -13.48364297
   7.93951574  -1.07383019  10.65097421]


[ 10.82151469  24.88181982  -6.92658568 -23.68205997  33.96077648
  -5.45265298 -13.9926431  -13.53284823  29.6676016  -21.82827253
   3.86267622  -4.45478019   8.74597391]


[ 10.28046495  22.83052478  -8.68980671 -23.89592408  31.83744451
  -2.04058806  -9.15811222 -11.79780315  27.60928727 -21.87279312
  -2.59960293 -10.30362931   6.01266969]


[ 10.47301072  24.14412957  -9.01712509 -27.26049697  30.80912684
  -0.91191407  -7.39941099 -11.01459594  29.8649882  -21.93272693
  -2.63587904  -8.0163413   12.93568936]


[ 10.54341609  24.13714772 -10.59483574 -29.94192809  25.97655467
   0.62437932  -6.98149829 -17.8726771   28.11524623 -10.6809944
   4.51702468 -10.7401097   15.46365124]


[ 10.72119904  23.48366711 -10.30258318 -30.20289419  25.16530471
   3.86969598  -7.89899041 -22.81625103  24.654089   -12.59415534
   0.46860514 -11.05608608  15.74470385]


[ 10.75980014  22.80178539 -10.58911153 -28.56589507  25.26911149
   4.4803562   -6.57811888 -20.61641249  21.71580365 -13.71361954
   2.1358869  -11.90644654  14.12413834]


[ 10.7288637   24.7823332   -7.33073622 -27.05162384  26.53892037
   6.98701454  -8.34493778 -18.0008307   23.52294305 -18.23236892
  -0.620961   -14.06937799  10.96689672]


[ 10.7229162   25.97553191  -4.81101939 -22.90113356  22.00888133
  -2.66599383 -11.42193101 -15.27076476  23.7642137  -17.07539363
  -5.14948655 -13.14808692  10.30127185]


[ 10.66570423  25.85818251  -4.3076565  -22.89020515  19.01112734
  -4.71060701 -14.65168822 -17.06420256  23.35327057 -14.10063952
  -4.92123327 -15.69216371  11.5355448 ]


[ 10.60960076  27.16373112  -4.10537228 -25.19366214  19.818259
  -3.03739544 -13.1006704  -16.22350006  28.06855028 -11.8312464
  -1.73818241 -10.71536834  13.0927571 ]


[ 10.57194057  26.97729011  -4.24378592 -25.19434818  19.12064571
  -0.35104844 -11.09309076 -17.2263889   29.98364936  -3.85375716
   4.93606945  -7.21738455  11.96825716]


[ 10.48161476  25.72816554  -4.13493406 -24.06231975  15.84698978
   2.15668118  -9.54975913 -17.99049476  23.78510556  -9.45867715
  -4.64329898 -12.11519907   7.29940832]


[ 10.39248467  26.03543849  -4.13194643 -24.75097111  15.48988219
   4.61546193  -7.88434963 -18.73863952  19.51926866 -13.94143011
  -5.32431893  -9.91293611  11.25608455]


[ 10.63222965  25.17041782  -4.40199889 -22.39542224  14.3095489
  -0.2265194   -8.34317498 -13.11601028  19.75754546 -10.66129547
   1.50650534  -6.35106726  14.75154394]


[ 10.80757556  29.0161908   -2.75378127 -26.57903043  19.75278112
   0.7902389  -12.12428044 -14.16181745  30.01331529  -9.28611371
   8.41548949  -1.62090991  12.76553622]


[ 10.65985536  24.18087034  -6.37825044 -24.08137898  12.94197974
  -1.35175441  -4.8286387   -7.51680854  26.78149472  -2.78431972
   7.47134121  -2.30837277  13.50981414]


[ 10.38392636  26.75868287  -4.47572072 -26.88774914  15.72911619
   1.711666    -8.89473021 -11.3484471   30.69525186  -7.99524824
   2.86105268  -5.64271742   8.09345543]


[ 10.50654117  27.16226018  -4.87365793 -28.60154029  14.40357451
   0.679186   -10.72401943 -14.96627472  28.43794439  -8.76921144
   4.91921801  -2.55252793  10.56179376]


[ 10.64437083  26.77363458  -4.20790956 -24.57718494  18.85558921
  -1.54158603 -11.14761498 -12.9104506   29.58863701  -9.14030278
   3.90316495  -3.35917579   7.80141349]


[ 10.89633053  26.01015698  -5.01320076 -23.03302596  18.10082321
  -0.89027814  -6.27405369 -11.43395818  25.42704461  -6.61493631
   6.4954282   -2.42344672  10.54767294]


[ 11.05856884  29.58045651  -4.42577951 -29.97213182  16.30581868
  -2.31262089 -11.91760462 -19.14102245  26.46553844  -9.52321521
   8.53828925  -0.39092607  15.38655951]


[ 11.50187675  30.45290264  -0.11768575 -22.1769133   17.91278985
   2.68086773 -12.66358131 -26.1655178   14.09244113 -10.27900559
   7.51061191  -8.07238194  15.04452221]


[ 1.18092948e+01  3.25127991e+01  9.05975915e-01 -2.25590118e+01
  2.43016184e+01 -7.36589540e-03 -1.73350325e+01 -2.96145095e+01
  1.48757808e+01 -1.71100636e+01  4.24532675e+00 -1.04855793e+01
  1.63040842e+01]


[ 11.85819512  30.61939477   0.59235772 -19.03883334  25.11246447
  -1.17485511 -17.68901282 -31.0303162   12.2766618  -15.24775999
   4.7772926   -6.51668181  20.07422878]


[ 12.03026625  32.06504809  -0.73467678 -23.93366813  29.45401341
  -3.53936065 -23.64723466 -38.75490148  14.70841375 -17.65643068
   8.45732618  -5.32048477  13.85029583]


[ 12.1320181   26.03486258  -2.70045829 -18.92297734  19.39456394
  -2.90409288 -20.42635092 -44.73588443   1.30300041  -8.1293659
   7.1151885   -7.31191041  13.77461722]


[ 12.31797212  29.54956813  -3.32240072 -25.70081994  22.81488676
  -5.42037104 -25.20134093 -49.28925713   2.81588683 -16.02075759
   9.87079099  -9.4749353   13.57492709]


[ 12.38326575  27.89641798  -2.79423821 -19.99860644  18.16210725
  -9.90567658 -22.20513653 -40.38871642   3.10022157 -13.08462635
   3.82258347 -10.36693157   9.94785895]


[ 12.39188911  28.94024813  -2.23660454 -21.12309023  21.0796278
  -9.82564856 -24.18608917 -40.22550392   9.72029452 -11.21369758
   3.61554204 -12.61863388   9.91055523]


[ 12.42797074  33.42779156  -1.70559204 -27.90870964  31.26896491
  -9.71209391 -30.7681795  -42.05054499  19.89446986 -17.91631964
  11.69709081  -7.19274097  10.50598874]


[ 12.7992741   29.79168613  -4.73426383 -23.67833246  34.93571924
 -11.679641   -27.80377971 -48.48321415  14.51395315  -8.4338349
  17.30404581  -9.26218434   8.00146792]


[ 13.18146979  31.33968382  -4.91721282 -24.44242135  40.6268367
 -11.7917906  -23.29405761 -47.11392715  17.72262885 -13.07185575
  10.35279963  -9.76366858   9.7838138 ]


[ 13.53097591  25.9679781   -5.51354551 -20.71683918  31.12237268
 -12.02664536 -27.79512666 -49.77461583   8.20151564 -13.60630798
   2.51809782 -13.30340667   9.08976088]


[ 14.00360677  28.22326844  -5.23302241 -22.31523255  34.62908944
 -12.67741208 -28.80331229 -52.57262899   6.79836288 -16.89795938
   5.49880537 -13.03319336  10.20268138]


[ 14.29385008  25.9142657   -4.98211635 -20.65560807  28.26015131
 -12.91282874 -31.91011772 -58.16786254   2.3141108   -8.99888138
   8.90905699 -16.46137541   5.70960504]


[ 14.37764514  26.66047452  -5.29556461 -23.21113336  23.1138795
 -15.50139353 -33.18362232 -58.66082661  -0.74193558 -11.17526567
  10.72027294 -11.71538101   6.76372955]


[ 14.50228006  25.00444653  -5.26431102 -17.84037681  23.99383933
 -15.17849028 -29.0775473  -50.39151156  -1.63316066 -12.50797046
   6.4137215   -7.42433564   7.92479647]


[ 14.91814841  29.65123793  -5.51614056 -22.3821143   30.94823345
 -19.810604   -29.9248907  -50.29142242   1.01121348 -22.85485776
   5.65506972  -7.63781365   8.11787425]


[ 15.43490792  27.24400608  -6.61947826 -23.65864558  32.13409421
 -20.61718468 -33.20460376 -51.23306964   7.38846178 -22.20199674
   0.4970675  -10.47591635  11.0148231 ]


[ 15.70446234  27.29476071  -4.49103392 -17.10297704  41.6408216
 -20.13224196 -35.34875585 -54.01695914   7.06065794 -21.77313847
   3.27156433 -11.27247268   9.16457658]


[ 15.97825804  30.16199712  -6.50707617 -23.33968584  39.37728101
 -21.33608617 -28.93943295 -51.91088014   8.12958459 -21.77613913
   6.66720288  -5.68500526  15.20093146]


[ 16.3638248   21.55286461  -6.24013959 -16.78391693  22.76179707
 -17.29682217 -33.15324835 -49.30090939   0.53369078 -13.12981759
   4.12815968  -2.56666974  18.74130366]


[ 16.82003454  26.96086501 -10.10588565 -27.95491257  32.74035542
 -26.32790271 -35.89970795 -54.18020904   2.62137543 -29.14237462
   4.95737802  -1.53574909  17.7829483 ]


[ 17.14069866  20.07545056  -8.71996153 -19.26484801  25.1826009
 -21.21715907 -40.7965931  -57.41485678  -2.45140692 -17.53355431
   4.59086944  -1.32515623  18.90066882]


[ 17.35136531  24.33358729  -7.13626147 -18.88241951  39.03974111
 -27.12949314 -41.41720643 -54.9822476    9.52464883 -19.79923417
   6.95099198  -1.15062024  18.03322559]


[ 17.49718908  22.44547433 -10.26107107 -18.96974203  38.01643447
 -33.38148697 -37.59841695 -51.61254695   7.27866438 -21.29025463
   5.2191507   -1.96045804  20.08440851]


[ 17.60838621  22.18031248  -9.39506616 -19.51998823  45.80697807
 -36.00718808 -47.27433579 -54.78398449  16.00124134 -23.01934449
  10.72308267   3.2829915   20.83000307]


[ 17.6366235   17.44077862  -9.84529397 -13.50161965  39.9897273
 -29.08147393 -43.88676737 -53.35211626  11.1249203  -11.97491734
  11.21504178   0.10898323  17.2237649 ]


[ 17.63175836  14.05720112 -12.84044087 -16.01225642  32.85199834
 -28.98675882 -44.00364403 -53.85142483   8.54191372 -10.0798413
   8.54166858  -1.59222266  19.31807714]


[ 17.82365998  17.79774273 -11.0151867  -16.0935176   43.29641053
 -29.99327911 -45.48604688 -58.70648872  13.17741844 -10.64762143
  13.48211769   0.49208535  21.95921794]


[ 18.04664793  21.85919446 -11.77229954 -18.26542618  54.09503752
 -35.03490804 -42.39388684 -61.58970338  17.17110218 -11.53951696
  17.40306533  -1.98521928  20.83533011]


[ 18.10991197  25.01352209 -14.19331494 -27.48923644  50.82636638
 -37.55254435 -38.41494499 -56.27571367  21.72565659 -16.87452344
  15.55554102  -3.63363743  20.85575592]


[ 18.09328249  21.6702964  -12.09362856 -21.53762397  45.51532396
 -33.64889339 -42.04782481 -56.83268004  16.96999465 -14.10620865
  14.7247797    1.52523081  23.55549154]


[ 18.10897334  22.23829187 -11.50822563 -24.64849091  43.39278794
 -31.19913097 -46.67830435 -58.92649911  15.29463678 -19.43158631
  16.51447934   8.20605407  25.98854029]


[ 18.23923227  14.70288591 -13.32177322 -21.33422035  20.98092875
 -33.06379119 -47.26280932 -54.23681546   5.19609791 -13.5763968
   5.23022271   2.67149159  23.03406848]


[ 18.52458081  18.66770363  -9.57846459 -17.65638872  33.61423421
 -32.12812456 -42.14348742 -48.32890947  12.89295436 -17.21112394
   8.36159791   6.52871023  25.29145691]


[ 18.73955637  25.16038004  -8.07530684 -19.84940226  49.40361022
 -38.24568029 -40.9697385  -50.51554205  19.19176166 -24.96938893
  12.51810154   6.77934789  25.76181301]


[ 18.95790316  18.82159011  -7.90073669 -14.7291838   36.049397
 -34.71536048 -42.79654921 -49.73728153  11.85419406 -18.60662985
   7.67708121   7.38711535  29.67909232]


[ 19.18704067  21.39648293  -9.88608571 -22.86700448  34.94328211
 -40.90648682 -44.6793664  -46.67084751  16.54980366 -27.95350488
   5.59853098   8.54796469  29.85717926]


[ 19.36019628  31.5873466   -8.67418025 -26.70065266  53.32488636
 -50.76633978 -38.15473199 -42.85171463  26.64440822 -36.95854469
   9.72014775   6.72392878  27.92671504]


[ 19.45246068  22.26518503  -4.21582521 -14.02999894  35.94822972
 -39.5483078  -42.40496417 -40.54369781  18.03573366 -28.24837042
   0.623547    11.76455542  34.00257346]


[ 19.46116795  18.10285413  -5.99406768 -12.5703561   26.48418346
 -40.79904688 -43.96047365 -40.4860118   11.56700263 -24.86063845
  -0.18438738  12.11647983  35.02963837]


[ 19.38721369  20.37948063  -8.90736004 -21.68010464  25.70461442
 -42.61959948 -45.54101559 -43.2799033   13.10390709 -30.20135128
  -2.43061943   8.39424143  30.98077449]


[ 19.33752776  22.36501773  -6.98990179 -18.08838618  37.12896875
 -38.46292392 -42.86213695 -43.57090707  17.78093804 -26.50810416
   4.49356487   9.50857905  28.0116932 ]


[ 19.24374006  24.01193888  -5.55551451 -16.26357786  39.86054886
 -34.6069682  -39.64124022 -44.72424792  16.26883317 -25.15248475
   5.28482633   9.06509003  28.23526004]


[ 19.11091959  28.74244992  -8.10056798 -23.11084704  43.9417151
 -41.66617239 -37.03917292 -47.25141043  19.00756584 -25.55296399
   9.40238517   6.4860489   26.67504313]


[ 18.91085162  22.37762165  -6.79861701 -16.35224154  32.43492126
 -33.66960642 -37.30300105 -42.16022888  14.40089088 -19.37819898
   4.15192522   5.34524265  26.18689495]


[ 18.58056752  21.15803953  -8.53610981 -20.41179295  27.3305033
 -35.56367839 -41.16994994 -41.42951143  17.4358192  -18.25746608
   4.3936084    4.28214942  21.97763221]


[ 18.23056517  23.42233833 -10.46279044 -27.41776315  28.81132096
 -36.32196669 -40.87969102 -41.98398891  20.92110906 -21.50080363
   6.74682097   5.7450508   21.99551232]


[ 18.05787312  32.37891627 -15.51734465 -35.71516828  47.17495062
 -53.82937263 -30.18569865 -44.10510284  26.80971078 -26.45023405
  12.76294476   4.86427309  19.45660285]


[ 18.09438506  21.17405078 -11.95422137 -25.90010114  26.14891038
 -38.66861012 -37.67799087 -37.80733879  22.17667763 -17.45386136
   4.8841065    3.63526848  23.33838664]


[ 18.09566106  19.03697091 -10.92154778 -21.72186453  23.45227877
 -37.82791759 -40.35240675 -38.25034301  21.15462911 -11.76085011
   6.09352126   1.85702692  20.45359912]


[ 18.096231    19.54302731 -10.74395452 -22.85891543  24.36574935
 -37.94534327 -41.75484095 -40.68416214  22.24206809 -11.68281864
   6.58434343   2.71460009  22.30104959]


[ 18.10709937  27.1541064  -12.07330586 -31.79865767  36.79168337
 -47.64871521 -43.24573375 -43.72027067  30.41365488 -19.98472581
  12.86134757   4.16259067  18.48444963]


[ 18.14855674  18.69961275 -10.41995934 -21.61605546  17.38078129
 -37.33581685 -40.65164314 -39.45070637  17.18931965 -10.37261128
   3.90686175   0.62036221  22.52292801]


[ 18.24116244  21.94050738  -9.99742319 -22.95661723  28.51927515
 -40.60999286 -41.8621048  -41.45402457  22.92170137 -13.38130491
   8.74173879   1.74544884  19.51539018]


[ 18.16885082  29.75781838 -10.22387472 -27.45172399  42.84839542
 -50.40730139 -38.74894676 -44.8358796   28.53955339 -18.22016879
  14.45100287   3.26907481  19.10779541]


[ 17.90701872  30.34365943  -8.90780552 -27.62035118  40.83214118
 -48.48516465 -39.04686202 -40.28308847  32.01360078 -18.4557456
  13.11272438   1.61920441  15.45421866]


[ 17.70271303  21.32620327  -4.298377   -14.50017192  21.21826199
 -36.77936203 -42.00641128 -36.74515417  25.45860192  -2.28370508
   4.1663424   -5.9843112   15.57551713]


[ 17.91639954  23.25223387  -6.72864447 -20.50318771  27.93963792
 -51.61598564 -49.0828392  -38.32241971  33.59505401 -10.52500661
   5.35913973  -4.9224623   16.95958857]


[ 18.04058228  27.90313356  -6.07308493 -24.41081999  33.16390088
 -49.66131892 -42.14489485 -34.4901213   34.66394636 -20.47036439
   3.08441143  -3.61766506  19.04628123]


[ 17.92871743  21.22342594  -4.11818751 -14.03412997  19.42888487
 -42.33386353 -40.27648075 -30.45218564  25.95844145 -10.34649092
  -4.36771941  -7.63134187  19.26116031]


[ 17.76837289  23.17051182  -6.06918709 -21.48684008  14.29845353
 -40.64645321 -42.0520257  -35.61030734  22.72543253 -11.45506105
  -1.79469199  -4.43864012  20.3723261 ]


[ 17.68600383  25.66519075  -4.60465166 -19.29952632  21.06862064
 -39.80990982 -39.26311113 -34.84205918  24.94148327 -10.59618091
   0.85590333  -5.99598112  17.43135354]


[ 17.40142694  29.63305086  -5.10832589 -26.88547913  22.18594282
 -33.65877439 -34.74734959 -35.29781314  25.73336246 -15.58821126
   3.46359822  -2.89060338  18.28514416]


[ 17.69033231  31.70051346  -7.66517764 -33.26382571  25.34106489
 -46.95853224 -39.17282795 -35.84039366  28.49497439 -23.88321378
   8.14466086   5.46313373  20.93324077]


[ 17.8240276   26.94264759  -6.02630603 -26.44305727  18.7355203
 -41.31286892 -39.31120923 -34.54660493  24.89170389 -17.33550606
   3.95461057   4.64469138  21.45168797]


[ 17.75193908  18.60018985  -9.87933394 -23.84648706   7.55118956
 -35.07752969 -38.66070254 -35.45648722  13.65824    -14.1705508
  -3.35884349  -2.15619712  20.13302733]


[ 17.89233713  26.34353883  -8.73423373 -27.70603635  26.63251975
 -38.46920698 -38.08015785 -38.72752304  24.57611539 -18.65827054
   5.16107878  -0.45022799  20.15450343]


[ 17.9370487   22.82453492 -13.26988327 -30.34803601  23.46374414
 -46.95622796 -43.69185832 -44.99519561  19.31113374 -18.90117627
   7.13438537   1.12695055  20.41998265]


[ 17.63695751  26.42972968  -9.32507152 -29.13084471  30.79881208
 -46.03645176 -43.39037885 -39.39331836  29.27153709 -21.90605792
   7.33305068   2.02799372  19.08697723]


[ 17.55773754  20.88238962  -9.2075951  -21.55354318  20.47848591
 -44.44893294 -41.8180656  -38.0225237   21.37756787 -13.09927708
   2.47801686  -1.353832    20.57537217]


[ 17.73477366  20.29094896  -9.93495951 -23.56894179  17.82360726
 -38.22821551 -40.70259008 -39.00117306  18.25232924 -13.51332054
   3.87662089   2.36230664  23.3995304 ]


[ 17.81920481  24.31996027 -12.56702944 -32.69111247  26.53466911
 -49.06092946 -45.92384014 -42.35166859  24.3125189  -25.73790661
   4.54127403   0.24884969  17.23445618]


[ 17.78997046  16.99643534  -8.37648157 -17.72090247  13.63977
 -41.8350825  -43.219052   -35.0903394   18.59883518 -11.78998532
  -1.83490836  -2.13310206  19.60028973]


[ 17.69036523  27.31871653  -9.22029654 -26.82759615  31.42542947
 -47.73602644 -40.13984976 -39.6728243   28.04831155 -17.08094935
   7.56394708  -2.67217524  16.56334312]


[ 17.70230657  29.90512959 -11.9407326  -34.63215248  36.96131644
 -48.79227526 -40.69082846 -42.48150188  31.67064009 -22.2382474
  11.27297118  -1.81024014  15.43445785]


[ 17.65235797  29.66839354  -8.1001561  -27.59503147  39.55451136
 -42.26995388 -37.35106794 -38.31026554  34.45923651 -17.41540156
   9.86501501  -3.95837998  12.41115501]


[ 17.81525006  20.52831723 -10.00862399 -24.45449648  22.8915548
 -39.15583048 -40.08151519 -35.3827625   27.78225715 -13.93677492
   0.54353781  -4.79402758  18.53434411]


[ 17.79987184  19.18078744 -10.64244035 -23.11428757  23.47502385
 -41.63642543 -41.95458196 -38.524413    25.256145   -13.77209606
  -0.08829107  -6.1928042   18.308614  ]


[ 17.87236669  21.17717455 -10.57181689 -24.64580864  29.56551734
 -45.6236497  -42.38445809 -38.43655817  29.7970429  -16.7904986
   3.01184646  -2.16981244  21.32368286]


[ 17.84596578  17.95406568 -13.69842956 -26.52416206  24.49350827
 -49.97066027 -47.60046435 -44.30413813  25.11495902 -15.36613105
   1.87615726  -4.96323018  19.78472304]


[ 17.79317037  24.66872403 -13.64166998 -30.87582337  38.21756391
 -50.14552979 -40.74482825 -40.20317049  33.313327   -21.11748451
   6.24628299  -6.28818762  14.80711709]


[ 17.67506361  18.87336425  -9.76347452 -19.62508107  28.73571117
 -39.33471786 -42.29747251 -38.04611574  29.26232716  -8.85796389
   2.64135527  -8.42234622  14.6443856 ]


[ 17.68661526  23.03935147 -12.4639529  -26.52688574  34.32089136
 -42.64512804 -39.64714529 -40.40970719  30.72349437 -11.56430499
   9.68515765  -5.51806099  15.96702853]


[ 17.86144527  22.0792783  -17.20093658 -33.94698427  34.98089354
 -48.47297862 -44.21593831 -48.7598329   27.30128379 -16.31752478
  12.883064    -0.80181565  16.60598881]


[ 18.01008916  14.38512761 -18.22068045 -27.72830701  29.77756623
 -43.25435943 -43.43959352 -44.23895497  24.32498626 -11.74127031
  11.63436348   3.81613528  19.73739065]


[ 17.81578962  10.75431787 -16.79262871 -21.53103911  26.06260581
 -39.47717818 -42.17485658 -39.40990628  22.00708939  -9.83626078
   7.73046627   0.98451614  15.57710724]


[ 17.79086403  17.30753299 -15.8879032  -26.8343229   35.01474108
 -43.32494352 -38.83151134 -35.46716302  33.53407449 -13.29928913
  10.14674291   1.8623336   15.83296646]


[ 17.58350992  27.28936486 -20.31749964 -39.7547828   49.7934406
 -58.24597706 -38.49127118 -46.86000696  37.24401358 -19.49326454
  21.41659826   8.12186132  17.02570238]


[ 17.57603103  20.90472217 -22.86882928 -40.75260656  38.21532185
 -54.21106532 -41.90634852 -44.58339702  34.72256346 -14.17407784
  25.53850544  15.51222228  25.78827978]


[ 17.32084314  17.80402354 -16.24345061 -27.94440456  29.9328058
 -41.93634666 -40.91651166 -41.6894648   26.64968952  -7.60085082
  20.06426613  12.99764888  24.5011612 ]


[ 16.88757814  18.11688012 -17.93392535 -33.59167797  22.10187834
 -48.92715897 -45.43964773 -42.71703045  25.40857744 -14.12993441
  10.3245366    5.20486751  20.547582  ]


[ 16.98893386  17.90317951 -12.04475418 -25.95638926   6.85379519
 -37.2779788  -41.79908755 -40.89517864  13.81304408  -3.46337578
  12.61299176   7.94126671  20.86548849]


[ 17.4208342   23.98108278 -11.66851369 -30.82928825  21.08262562
 -40.13785002 -41.52465073 -45.89152921  22.96250497  -5.44507165
  20.09746839   7.60124     21.35951994]


[ 17.44380032  16.85817305 -12.63734743 -25.38392559  13.72153861
 -37.37210145 -43.56542026 -44.8801129   19.15907651   1.63207711
  16.78744146   5.02307736  21.1744966 ]


[ 17.3509006   31.19391524 -19.52008377 -43.24608303  39.26413531
 -59.65300914 -32.62242779 -48.07241548  30.23277664 -15.05293672
  19.97146431   0.31994966  17.61589093]


[ 17.11141742  18.57304527 -16.65005308 -35.02648653  17.64560235
 -40.62895475 -42.63397002 -44.95224357  25.07888789  -4.73565264
  17.67324545   6.15484959  21.84063376]


[ 17.15858454  18.60814856 -14.67179044 -27.9228553   25.61586748
 -34.32524172 -35.53687283 -41.17930755  28.33209614   3.76064284
  23.63299425   7.24557679  21.92890977]


[ 17.14711148  21.62031299 -20.81595443 -39.60395233  34.8453522
 -46.74161563 -41.04162062 -49.54454807  30.33748792  -6.77596757
  30.08981725  12.43188971  20.29863082]


[ 16.89808359  26.30661863 -17.34858843 -40.62804213  42.0149975
 -45.087746   -45.6759907  -51.0631101   31.57940449 -18.29450554
  28.13220065  10.32967198  14.9243733 ]


[ 16.81395966  22.98269918 -15.60789363 -29.47160311  39.68266594
 -43.37350722 -33.82337389 -39.9607268   24.59928061 -18.65104243
  18.76604168  10.36566701  15.85317136]


[ 17.00982164  19.20919715 -14.52806923 -26.49333446  31.30315912
 -38.36624662 -38.43010646 -40.4050693   24.08668697 -10.02253267
  20.23493077  11.53207083  17.92275495]


[ 17.06076301  23.24285356 -18.38695026 -32.4770767   41.18459813
 -47.97776052 -37.46790294 -47.18351885  27.59652699  -6.80482131
  30.96003569  13.60625541  19.38235643]


[ 16.86035189  21.64000056 -17.60234615 -35.21963483  34.82137057
 -39.92022223 -42.84906784 -48.96309759  27.98601351  -6.40537956
  31.64437304  15.18515893  20.12349978]


[ 16.45506659  18.52583491 -18.363183   -30.76970884  32.15508114
 -38.65323834 -38.64522507 -45.87373962  25.44090938  -0.73414317
  31.99954092  18.49207936  25.12358245]


[ 16.35816645  21.1133104  -20.12671234 -35.52708351  31.97913105
 -42.96314309 -35.48696411 -46.82868992  22.10451159  -7.58859766
  29.14620252  17.03205287  25.14900177]


[ 16.22911728  18.92837517 -17.23136459 -32.69987044  28.45241791
 -34.32973013 -38.83467021 -47.8644222   21.42699188  -6.85195393
  25.90795544  15.54860767  23.22477226]


[ 16.00675033  18.68872855 -14.45432373 -26.36764673  28.56673322
 -31.29612762 -33.82503846 -43.29655806  15.40131015 -11.78252676
  20.39535626  17.57688186  22.98160654]


[ 15.85456383  24.06393352 -21.46974714 -40.68193102  38.99220173
 -39.84088804 -25.52690948 -42.31439706  25.04526821 -15.69434084
  27.74712961  16.72384702  23.18531875]


[ 15.90645931  23.07674312 -19.73247505 -39.32696927  35.69967888
 -40.42418792 -32.72457502 -42.92180662  25.80017692 -14.44765751
  30.14632481  18.79540951  21.39723512]


[ 16.07057711  23.16041425 -16.71037111 -36.23760879  28.41846823
 -32.35770487 -31.77930687 -43.64915767  21.99719254  -6.59867572
  32.18542536  18.95230625  18.71765248]


[ 15.93499375  30.748854   -17.17874766 -49.08763402  29.47036629
 -32.04867462 -30.14977799 -40.8726546   30.77636996 -13.05872989
  35.1187601   15.31372266  13.28677969]


[ 15.82489275  25.27958288 -13.26140472 -36.29829863  17.64517162
 -21.55371945 -24.22026632 -37.37369101  24.49053794   2.47682555
  26.11451734   6.16113218  12.87045301]


[ 15.69211114  21.56972198 -15.55482542 -35.15380941  12.35779516
 -24.98427141 -26.85656013 -37.33413394  20.23735508   5.6511201
  31.35585546  14.6195707   13.56746597]


[ 15.96510585  25.09365976 -11.74431465 -33.81667409  10.95965659
 -27.33029055 -24.54814275 -30.39010014  23.3645622    2.62009769
  29.27403624  15.83723018  11.77027535]


[ 15.99306336  21.78316635 -11.3235198  -28.25511589  11.26146984
 -27.14859956 -24.93300073 -27.49088949  24.21954684   6.04174615
  26.8792434   14.0601394    9.64046257]


[ 16.26903751  22.48788762 -12.52908119 -32.049054     9.92991067
 -29.86108783 -27.76667794 -29.80772444  25.46777315   5.95467612
  28.90409447  14.64720943  10.92388546]


[ 15.84185749  26.76107339 -14.21892363 -35.2052453   21.7497964
 -34.60108311 -24.92584053 -33.11280966  27.30181212   0.82798899
  30.30987955  10.59656571   7.33891167]


[ 15.39920238  24.56447939 -11.80587066 -33.24954525  13.18025339
 -27.25449524 -23.7277405  -26.95773704  28.30368811   1.14460491
  23.15487827  12.01368591  12.44512204]


[ 14.90618737  25.22793014 -16.43188287 -39.13569443  22.83278336
 -29.65194    -18.97242016 -27.83572109  27.69368742  -9.91616159
  23.70010487  12.43373224   9.27905658]


[ 15.04666655  22.70685086 -14.82388702 -35.78161392  10.88262482
 -29.09277844 -22.0459905  -27.93310864  20.61196808  -5.48747366
  23.00803219  13.14067539  11.29338815]


[ 14.69862131  32.66625353 -13.88159995 -42.88215189  31.10594336
 -31.23124683 -19.49838002 -32.70438491  29.25461009 -15.62489456
  28.40565611  12.83151602  10.61091801]


[ 14.50409591  24.59915348 -11.24211846 -32.35151921  12.3641377
 -28.94225103 -26.674903   -30.6473853   23.36737414  -2.18448479
  21.53794461  10.68217868  13.16721607]


[ 14.10885738  29.06620213 -12.44067784 -34.4566985   28.43697262
 -33.52829518 -26.0844115  -34.65601393  25.45548541 -10.43573413
  24.11131474  11.08106248  14.13703664]


[ 13.90478527  30.57445543 -10.98031574 -32.63433471  40.89343596
 -34.91048127 -29.71521946 -34.68978163  32.06502623 -16.36120774
  24.31347974   9.88551137  10.4758047 ]


[ 14.46933734  28.93284845 -12.04071339 -37.92166909  24.26828042
 -36.96672955 -32.43473266 -32.1460359   31.01604687 -13.12421433
  24.52008154  14.26006264  13.78135252]


[ 14.52512687  28.51795447 -10.54211828 -34.57241148  22.64784709
 -35.16854868 -31.52924374 -31.98953809  30.6468824   -9.37390479
  20.61337678   9.81631848  10.46591639]


[ 14.21167855  28.58070284 -13.07992785 -36.19731448  27.52115059
 -35.54184576 -24.0064519  -26.70234862  29.05860368 -19.71550326
  13.56675336   6.19509992   9.54678743]


[ 14.10063665  25.84833157 -11.78082119 -31.95603377  27.59785387
 -31.43101321 -28.16860803 -30.76395054  24.80257572 -19.93301543
  11.7843554    6.12099407  10.86965047]


[ 14.06223114  16.56026615 -11.21269179 -19.65657832  11.59100695
 -27.61959846 -27.94411406 -30.46193307   5.85539416 -14.04812743
   3.04152955   0.65706028   6.55230207]


[ 13.5565436   30.55147946  -9.80725866 -32.61125941  30.96351385
 -28.50881368 -25.65025823 -34.34339859  22.3802171  -19.18969189
  17.71027344   7.80178167  11.19662188]


[ 13.36293022  33.79320406  -8.52022541 -35.8124719   36.59205664
 -29.80371831 -25.36918578 -29.15096315  29.16284562 -27.55601491
  19.42442087  12.00407992   6.9832625 ]


[ 12.93320665  25.59452929 -10.82104931 -28.59824036  30.5201729
 -25.0622307  -17.81043289 -19.43815966  29.11547302 -15.96663572
  15.89486255   7.42700181   9.29001194]


[ 12.82137897  27.17187856 -13.38044813 -32.69633956  35.88279371
 -30.72396183 -20.39834812 -23.75691943  26.99838544 -24.65533563
  15.68901769   7.09506064   8.61101104]


[ 12.7112405   23.26075736 -11.50670284 -24.29193434  35.81299139
 -24.81730578 -16.95690726 -23.11917264  25.02951113 -19.96789709
  10.92804564  11.58120151  13.12924512]


[ 12.69196003  29.15842407  -9.54601393 -30.54993302  46.84011475
 -28.82771421 -24.32887992 -21.45332384  35.38423573 -31.84086752
  15.7820976   10.78567234  14.12440427]


[ 12.61777984  22.02844718 -10.22034178 -22.45204058  32.64433425
 -25.61914705 -23.33300343 -26.80125114  20.75077798 -22.3761258
   7.78017018  11.7184681   15.91298745]


[ 12.42334374  28.12941252  -9.5867286  -27.45396119  48.80892487
 -25.01470399 -20.20130121 -22.02595576  31.04826457 -34.20816429
   8.23320774   5.01197     10.16488105]


[ 12.45619879  26.11697664 -10.99825776 -28.06994156  46.31071666
 -26.41015921 -22.50547088 -25.73336764  28.51923462 -35.89972862
   3.94778476   5.68354761  10.08982118]


[ 12.34489774  21.21093814 -12.08153785 -24.05220226  39.47767967
 -19.42682531 -18.6445141  -23.87283333  24.64797936 -22.45795102
   9.4817868    7.62044793  14.08718738]


[ 12.4261494   25.22987286 -14.13036225 -30.76161261  50.0398424
 -20.57491539 -18.21677509 -26.17207989  31.00770996 -28.23110093
  13.0905851    4.9311511    8.21236395]


[ 12.4362204   23.54039477 -14.67476939 -29.02396079  46.66752534
 -18.90014651 -14.94931957 -22.11459049  29.32049623 -27.3818844
   7.7498977   -1.44560764   7.80654896]


[ 12.26601081  22.59806976 -14.48282441 -28.81224317  43.16458854
 -17.72945036 -15.54200099 -19.11599101  32.97470659 -23.57106596
   6.74016082  -2.43189022   9.03897756]


[ 11.82986059  21.41575654 -14.34299878 -26.35878638  38.54400679
 -17.68816255 -11.77140244 -13.99532898  32.93870071 -18.1465058
   6.8182008   -0.92404683  10.33993724]


[ 11.78948262  21.85011334 -13.08907018 -27.51867457  37.56299565
 -15.25445216 -13.91301194 -16.10721134  32.73622947 -19.53345113
   6.98152431   1.85349821   9.47981916]


[ 11.73628568  19.42335016 -12.39423414 -22.19405768  32.96114618
 -16.11134524 -12.29085669 -15.69297305  26.97437873 -16.31087095
   4.59244218   3.3802717   10.47468082]


[ 11.63037755  25.68282099 -11.94858016 -30.40219508  40.02200554
 -15.46385908 -11.99572351 -11.166444    37.11542995 -21.49320644
   9.46675319   0.08002954  13.29888866]


[ 11.82177314  24.86317248 -11.58756645 -28.47399866  35.02283184
 -16.35260795 -11.90527314 -14.19845105  38.57522582 -13.87745124
   5.92601553  -0.78260848  13.32046306]


[ 11.8580574   26.93144468 -11.4796582  -33.93393731  37.59517889
 -19.83017285 -20.867284   -17.66683628  43.26007844 -18.57329193
  10.08803893   2.15678329  13.1184489 ]


[ 11.98767519  23.47366178 -10.61217273 -26.51419162  35.91152737
 -20.67115887 -16.10118284 -11.83455193  41.10796724 -16.51333458
   5.78797452   2.91405012  16.17711372]


[ 12.03883839  21.97021988 -10.46655995 -22.88834395  41.55929633
 -19.77996569 -14.9248238  -11.23654244  38.8304796  -19.61689437
   7.36668453   2.5378248   12.59160193]


[ 12.16233069  21.69233567 -11.50021043 -22.61380469  47.14310951
 -19.70635041  -8.93599209  -7.37167569  40.49393228 -24.15159632
   3.91009761   0.836967    13.51965567]


[ 12.04069713  25.03355861 -11.07060003 -26.91595733  48.77300259
 -20.42191948 -13.30970463 -11.68361289  37.67012431 -32.66977972
   3.49464207  -2.55368693   9.32338596]


[ 11.89622711  20.00151765 -11.9901604  -20.91871159  38.63257331
 -21.03877921 -13.91312592 -17.01510835  26.85588302 -23.47383757
   0.92273875  -0.13784383  13.21252139]


[ 11.91736497  21.89899397 -10.64110628 -23.69283299  43.09501723
 -20.48672556 -15.33671875 -16.35295534  34.0583421  -28.86987975
  -1.34128841   3.15398194  11.50156477]


[ 11.98575779  18.44809507 -11.99625018 -20.75612039  38.21222736
 -23.76029556 -17.41611594 -16.37524301  28.41149228 -24.7520999
   0.33598035  -0.83028814  10.66448942]


[ 11.96276952  20.58432259 -13.76842565 -27.11355033  46.42037799
 -24.22262474 -18.36924901 -14.51827223  36.913857   -30.30125443
   6.14089072   1.36109662   9.68597411]


[ 12.02042713  19.27719215 -13.64728439 -25.22864174  45.6248915
 -25.06555756 -15.01023088 -12.21038097  35.01514274 -34.27221612
  -0.37491612   0.65607956   9.29635862]


[ 12.02049448  19.30367668 -13.12328088 -23.0140073   48.21398586
 -23.35121321 -13.99711102 -16.03732547  30.72478517 -37.49020059
  -6.36669256  -1.87090224   6.61744168]


[ 11.99688518  18.42977062 -12.13864707 -20.00072854  48.69326229
 -18.41332302  -9.57230137 -10.59338636  33.22063132 -31.50057629
  -1.64102972   1.49816216  11.1290486 ]


[ 11.93561943  21.4665153  -12.96655384 -26.03142614  52.81194099
 -21.38864436 -13.05387463  -6.66925405  43.22662248 -31.07279353
   8.27911801   0.64177389   9.62744873]


[ 11.58508147  22.46881845 -11.59320105 -25.40778759  44.59888263
 -19.67412783 -11.81706122  -9.82752133  37.07312854 -28.75361756
   2.82058683   1.84645052  12.00750409]


[ 11.54140875  21.46781733  -8.6530168  -17.50217999  38.60476779
 -16.9148959  -11.62272886 -14.12213284  26.34289775 -22.2269031
   2.7336564    3.14335723  13.06240289]


[ 11.26847466  25.86046527  -6.24900571 -22.31139773  29.80772832
  -8.91204863 -10.24273481 -12.91402769  29.80198969 -15.41465076
   3.73443302   0.81024351   8.6296205 ]


[ 11.12788407  24.26498332  -8.65927022 -26.80312644  24.30286983
  -8.19129843  -9.10728743 -10.85954362  29.90031807 -19.57739984
  -5.34650479  -6.23533797   3.15017778]


[ 11.02695552  24.30123706  -8.97712674 -26.74127705  23.52382027
  -4.60183102  -3.71957492  -7.43332185  33.6976261  -10.62475346
   1.35393248  -0.53043939  12.11245089]


[ 10.71950553  23.45024445  -9.42256538 -26.13819098  25.97683379
  -1.44524005  -3.52575463  -8.43082596  27.47849032 -18.01063807
   0.05585536  -1.71993373  15.14654004]


[ 10.14983141  21.10491282  -6.11136512 -16.96184757  21.85523303
   2.3736895   -2.94718731  -6.43466819  24.41336325 -10.39356881
  -2.96333306  -7.10634803   8.92852143]


[ 10.49541783  25.94818421  -6.08712152 -26.90029008  24.33713573
   2.11477154  -6.44230855  -7.58047514  32.57786036 -16.78166041
  -0.07254425  -3.93520991  11.05244277]


[ 10.71001205  25.62002472  -6.14341544 -24.59723487  29.35620785
   2.59484971  -4.92613612  -7.38449468  32.45564433 -17.59451965
   0.59823729  -1.8805664   13.02330859]


[ 10.64481129  26.31375911  -5.9039612  -26.25568184  27.59340337
   2.46430703  -5.27342413  -8.89670016  27.902407   -22.8222549
   0.16713057   1.53219477  12.8065307 ]


[ 10.58795334  27.21762601  -7.33220959 -27.68606836  26.3089119
  -0.48048455  -7.25429226 -17.76171276  22.19332994 -20.70269691
   0.22669459  -4.68145869   9.05941617]


[ 10.76581157  27.28509421  -6.29760566 -24.69552634  27.07703135
   0.92321045  -3.43723013 -15.18359782  26.14841434 -12.52193969
   3.74953114  -0.3825052   11.86858062]


[ 10.96209476  27.68287023  -4.25618934 -21.72038618  23.67775442
   0.21778552  -5.56900605 -15.94011929  22.97360079  -8.53922087
   6.7379786   -3.58993956   9.14866804]


[ 10.88134657  25.16649144  -5.21813789 -20.89684033  19.27401786
   0.63100535  -4.49082019 -12.54323232  21.469792    -7.32823379
   5.34689976  -3.69829347  11.41491566]


[ 10.67864167  27.55529553  -5.16318343 -28.84972193  21.76804241
   6.88338588  -5.94445837 -11.34149398  28.92016342 -14.16193751
   3.94550049  -6.6651276    9.64962827]


[ 10.38209741  26.31702021  -4.94604756 -28.3814404   17.86764842
   8.24889911  -8.46239149 -13.44623081  24.57110091 -14.6247854
   3.25751664  -7.00345858  12.39818108]


[ 10.29354373  24.9419885   -4.35139486 -23.85620451  22.94345789
   9.48170116  -6.41675675  -6.96649376  30.60518389 -13.08605613
   1.76077332  -6.48094186  11.92773532]


[ 10.64980478  23.70161373  -4.86467514 -17.05200223  21.80153038
   3.1073011   -2.39317867 -10.89111265  19.7268523   -8.76126725
   2.22096809  -5.22764569   9.89146721]


[ 10.85389529  27.47066176  -3.04225355 -20.5780811   24.02880497
   0.75569567  -8.2428722  -14.33295155  25.7910036   -9.55898282
   5.80051769  -0.29189897  13.68118033]


[ 10.68574002  26.87584791  -3.3816414  -24.07891786  17.93489633
   1.33874107 -12.89165065 -17.97364046  22.8645605  -10.41544549
   4.56321485  -5.65042591  15.03813164]


[ 10.43424336  26.01471406  -4.60552144 -22.84345347  17.8898722
   0.23945726  -8.70686366 -14.87698929  21.50069108 -10.313938
   4.28464318  -3.58189678  12.20021571]


[ 10.46313019  24.34745037  -5.32307889 -20.5168887   14.14694857
  -3.36380127  -6.50224484 -12.05098489  18.93363337  -8.83449341
   1.03516316  -5.45641547   9.7462975 ]


[ 10.40273502  26.80142258  -7.52073215 -30.70633782  17.48414084
  -1.15866612  -6.62945415 -10.72536599  26.94043741 -17.65901962
  -0.72433949  -6.27595798   8.57561643]


[ 10.59112266  27.02208831  -8.11649428 -30.35728586  16.5250648
  -1.29275088  -4.13316406 -13.59236102  25.27859206 -10.66470293
   4.09376761  -8.11899936   5.93765991]


[ 10.58296638  27.4704711   -6.07315146 -28.09077597  21.79940258
   0.12534555  -8.74664135 -18.22029207  24.75554769 -15.95575903
  -1.36032783  -9.1646626    0.91805717]


[ 10.66120333  25.62832895  -7.52402299 -26.32539029  21.21602796
  -0.24679644  -7.22338992 -18.25927248  22.07443283 -12.42995189
   2.61319324  -6.78724821   6.27235255]


[ 10.53078535  25.019003    -8.17954526 -29.99285553  19.96786498
  -1.24089784 -11.03039145 -16.26413186  29.51121534 -11.96661557
   4.04457965   0.96035267  10.74345425]


[ 10.5582729   24.96916536  -7.25664557 -28.57239286  22.69507863
  -4.23726528 -14.90658189 -15.06486932  33.10805251 -13.50368284
   2.79570549   0.30674771  12.18129387]


[ 10.58572596  23.51387057  -7.9882822  -24.34407274  24.61293076
  -5.95135796 -10.09567847 -13.08481181  29.57720522 -14.31825007
  -1.74704086  -2.52012859  10.58294262]


[ 10.65738575  26.18545988  -5.99050561 -25.58139273  28.64418979
  -3.43683984 -11.74871152 -15.2092518   29.753151   -20.20293646
  -0.72718749   1.13777008  10.3484308 ]


[ 10.76123803  24.73459432  -6.5616702  -23.85865328  25.92193481
  -6.22244992 -12.10405645 -15.70885172  25.08815512 -19.56074343
  -1.18306717  -2.63375964  11.1962677 ]


[ 10.66592535  26.31776396  -5.12522093 -23.74148164  28.54608896
   0.11339149  -9.79203903 -16.40573343  23.85271087 -20.86278247
  -1.00239322  -5.83765036  10.10233466]


[ 10.64665963  22.55289135  -8.4063391  -22.50326093  29.22296065
  -0.86862452  -9.43131105 -18.21174977  25.11171528 -13.03911859
   2.30133952  -4.16181441   8.06447316]


[ 10.72318933  22.36238642  -9.30767418 -22.44591497  27.96191368
  -4.45247309  -9.34855676 -18.44176069  23.79240336 -11.8891118
   2.4283004   -6.65507406   7.98967107]


[ 10.73258619  22.91000905  -7.54161015 -20.71661897  27.31587313
  -5.27296243 -10.31999344 -16.83226693  23.49719802 -14.2388326
  -2.07603771 -11.27362241   6.39428573]


[ 10.71355727  23.8045587   -6.38034844 -20.35792995  26.82935116
   0.20649748  -9.67871513 -16.2185758   21.98420316 -12.39222445
   3.33942283 -11.40668336   2.99525359]


[ 10.18267738  23.95809596  -5.58082179 -20.26465351  25.49480151
   7.21494509  -4.89437697 -18.99408923  20.08689091  -8.82469288
   1.56481642 -11.99482094   3.44224397]
