

[  3.66071421 -16.529637   -20.64762383  -9.81350871 -19.25814679
  -7.76637016 -22.38481969 -19.06657104 -11.02801125   4.8403137
  -5.08169418  16.82183996   7.34913792]


[  4.26358282 -10.08142772 -18.70702963 -13.27196589  -8.59244527
  11.96732636 -12.18367498  -5.05763032   5.44878225   5.57191464
  -1.17010204   1.72100768   2.49546287]


[  6.8867162    1.42178514 -19.09489021 -24.19239156  -6.11164191
   3.04173214  -9.95625475  -6.00751136  13.98914529   1.52259464
  -0.17857085  -5.02168069   5.97922845]


[  9.68553893  22.10955622  -5.02582417 -19.10134762  15.19069518
   3.47096255  -7.41486419 -12.21094153  18.55593121  -6.71820754
   5.73711584  -5.7802479   -1.64588531]


[ 10.32790671  27.02507352  -4.93503845 -27.47682497  19.14361902
   5.24265571  -5.95643771 -14.05331205  29.18309411 -10.02701588
   0.3486476   -6.48999748   6.69999814]


[ 10.36362929  22.05823225  -7.81644814 -22.57879992  16.24832066
   3.67061191  -1.51472247  -9.30093957  23.31504036  -5.99805536
   2.16330037  -7.67251606   6.78881285]


[ 10.76422836  28.13518509  -7.45406212 -33.24891023  20.69593697
   2.1812394   -7.92121806 -15.83293901  30.12304115 -13.21500293
   5.00691973  -7.00040968   7.61218767]


[ 10.80794048  28.69145717  -7.53680785 -33.98305775  20.26969264
   0.6235098   -7.7324423  -15.28825251  29.99659199 -14.2707006
   3.63517189 -10.38145325   5.85290221]


[ 10.96318753  28.27204628  -9.23039005 -36.16069144  20.70895854
  -1.10986566  -7.6090869  -13.86902228  30.81034495 -16.1623007
   5.51594115  -6.93766882   6.25546484]


[ 10.89839299  27.65941636  -9.06181543 -33.54165812  21.13054548
  -0.72896933  -5.54227344 -15.36344286  31.58567684  -9.73114532
   8.53479434  -1.53130335   7.3031262 ]


[ 10.7541823   24.73732276  -8.95621821 -29.31819247  15.47616129
   1.80945226  -4.05172761 -18.05145129  21.21319216  -8.18639912
   5.21029641  -4.02644295  11.4746208 ]


[ 10.78954514  27.23441645  -8.92392555 -34.45512214  22.18592193
   3.78258875  -7.44747657 -18.54110949  26.2684304  -16.90515323
   7.48371413   0.8399912   13.44810228]


[ 10.84393163  26.63381591  -7.62849445 -28.17942186  22.02737208
   0.42139684  -6.2904287  -17.50172298  23.25749116 -13.47686143
   6.18687396  -0.16494975  10.14164178]


[ 10.81234464  23.42792069  -8.76421434 -24.08010551  19.76032246
  -0.9706057   -4.13076344 -16.00678681  19.11814149  -9.87558685
   5.38800149  -0.11657326  13.04632131]


[ 10.60092927  26.77384834  -6.69767588 -29.21530269  21.90294591
   0.53108455 -10.24029255 -16.7463901   27.06053706 -14.89368449
   4.41240627  -1.80484857  11.04075341]


[ 10.95234113  27.11456629  -8.86815995 -33.31893393  24.26612609
   3.59143111  -4.92724575 -14.59420534  28.68162816 -17.72173362
   5.06607638  -1.17781468   9.76265586]


[ 11.0898873   26.80977533  -9.19800234 -33.13559962  22.63751678
   3.1608132   -3.86192914 -15.0789157   29.11830595 -12.66335712
   6.45063813  -2.86167608   7.2160854 ]


[ 11.07943741  26.8316778  -10.28029573 -35.02239851  25.25692329
   3.89854209  -3.70598686 -13.39683108  29.6221227  -17.25455808
   6.89612072  -3.71917046   5.55578893]


[ 11.05712621  25.77537461  -9.62865793 -30.71879489  21.03981637
   4.06207738   2.09401912 -10.59577158  26.78213751 -13.27837158
  -0.14466707 -10.36395599   4.35030374]


[ 10.95109085  25.70631759 -10.15580075 -32.06673185  21.58174481
   1.05267489  -1.66396812  -7.47715898  28.42088338 -17.61686237
   1.20104419  -9.62550345   6.88591072]


[ 10.81247961  26.26351429  -9.21638295 -30.66566801  21.91758902
   2.23265666  -0.39002329  -7.13007848  29.70295945 -14.05297225
   2.30737359  -9.23923584  10.32714183]


[ 10.73569069  27.14664608  -7.96157704 -31.00503562  23.67196105
   4.86081419  -1.03454769  -6.94254928  35.17559183  -9.94353821
   6.28737491  -6.85338704   6.26655952]


[ 10.77596244  27.76012942  -6.09036914 -29.91568607  24.81104436
   6.99084354  -2.4093535   -8.00778933  35.51459939 -12.99824606
   3.16303448  -5.25880836  -0.43870532]


[ 10.84791399  27.84203107  -6.39004405 -30.90323156  21.04377316
   6.55999948  -2.22990906  -9.13267882  29.52926295 -17.13681937
   0.77968003  -9.58983402   1.99594574]


[ 1.07033859e+01  2.49168790e+01 -6.60622602e+00 -2.27793038e+01
  2.12294153e+01  1.76261219e+00 -1.41617129e-02 -8.12651062e+00
  2.40395953e+01 -1.27928153e+01 -1.00908490e+00 -9.84772346e+00
  6.61068716e+00]


[ 10.92807334  26.1252603   -6.14779239 -23.34686795  23.23518638
   5.02622572   2.08292416  -8.37054948  25.45844555 -10.62954307
   2.05372207  -6.58598766   8.9470348 ]


[ 10.84679887  28.90209379  -5.26679978 -26.78372158  28.6150318
   5.00608802  -2.88826145 -11.65539786  31.6737412  -12.66038318
   6.58203733  -0.61029382   9.4156298 ]


[ 10.68497778  25.68682313  -6.63833332 -23.73067744  22.24045602
   2.28571509  -1.99142785 -12.45610105  24.44941582 -10.59808854
   1.0506013   -7.86738079   4.9722345 ]


[ 10.38463589  25.38803084  -8.84578561 -30.27978728  20.70615397
   5.29613625  -1.28384055 -13.10275298  24.51662438 -13.9834255
   5.28487075  -1.15333741  12.61926907]


[ 10.44233626  26.09573778  -6.89195474 -28.07850597  19.14310396
   8.08461188  -0.97102628 -14.78073093  19.14408039 -14.90602928
   6.26568231  -1.65047803  12.6496713 ]


[ 10.58139476  26.18518493  -6.34790434 -27.63678812  19.89252563
  11.29414342   0.41959761 -19.24420592  15.68502904 -14.35131305
   7.63342799  -0.41688864  11.40702148]


[ 10.59103008  26.37499379  -6.06921049 -25.91790651  23.36380285
  12.00406834   1.60019225 -17.18747686  19.35904923 -12.22959351
   6.96195402  -2.07715073   9.28281996]


[ 10.62735168  25.88873549  -5.03430372 -23.40490207  20.99113971
  11.8901702    2.22110022 -14.27021076  15.70830823 -13.78339131
   4.45246804  -6.10034207   6.3721268 ]


[ 10.44100709  25.78594758  -4.7122811  -24.30010636  18.75898225
  11.53751753   1.8033128  -13.45218859  15.52217371 -17.79998243
   0.24146704  -3.55146444   6.75655088]


[ 10.53781184  26.06487831  -5.71079714 -24.13785309  17.87610903
   6.05025359   1.15025125 -18.16130174  16.89875484  -7.68950358
   7.77239713   3.2214795   10.37262199]


[ 10.76475217  28.41201246  -7.13855411 -31.48045781  21.96239173
   4.24980467  -4.3825896  -23.22007908  22.96521979 -11.31908107
  10.11520321   6.03791725  14.8152481 ]


[ 10.9953469   28.83604184  -7.41934647 -34.91660198  18.72528918
   4.01055086  -5.7070829  -23.70059006  21.4049629  -18.9963718
   2.40183022  -0.16915244  16.11529685]


[ 10.93432262  26.54328949  -9.94574212 -35.92407809  11.71156025
   1.02574989  -3.11304262 -18.94967155  16.92919633 -15.25327981
   7.84342976  -3.29236146  17.75719752]


[ 10.76046709  28.50684845  -7.06005484 -35.49289795  12.09066628
   4.56706669  -3.32196912 -23.24939041  17.4468273  -15.68699057
   5.40105131   0.44565516  15.43958927]


[ 10.67489097  27.97046468  -6.29233752 -31.53739809  15.32928732
   5.59118285  -1.9260354  -14.65040128  26.49179207  -7.83329705
   9.315544    -0.26060546  13.17313122]


[ 10.69443139  26.12520882  -5.53044097 -26.84907563  13.12338184
   3.81894834  -2.54040924 -12.57091302  22.63145787  -6.1124295
   8.58306789  -0.09854871  14.96397494]


[ 10.31609084  27.08086065  -3.66358496 -26.42458375  13.78603429
   5.61285793  -5.98189648 -11.2695639   23.16252442  -7.97723573
  11.40834107   0.4755299   15.38139126]


[ 10.4438871   28.43488899  -3.45873436 -28.95962189  13.79045039
   7.81691758  -3.88001988 -10.54169755  25.87103929  -9.31387744
   7.68904009  -3.15717394  18.40257832]


[ 10.38834962  28.037783    -2.99816624 -26.46079694  15.61303287
   9.56236304  -3.34350881 -14.34552716  22.38993751 -10.22432513
   3.10889668  -6.58604217  16.24566906]


[ 10.3799323   24.08807648  -5.60057899 -23.14408571  14.26316972
   3.62306176  -6.8139561  -21.68337088  12.45405661 -12.19747241
  -0.5485234   -4.69826246  13.44934744]


[ 10.14686638  25.44526911  -5.37250531 -23.9929649   17.01996979
   3.97152577  -5.27395403 -18.4938696   13.64441702 -15.18961335
   1.75558146  -1.32310912  15.97433314]


[ 10.31882333  27.39570248  -3.03534171 -23.06029968  17.28836274
   9.2130489   -0.28236242 -18.77671227  12.12440535 -14.8141133
   2.13244228  -1.21181649  13.07210697]


[ 10.44606048  28.29177633  -3.52510721 -25.95010351  19.11847831
  11.38669444   0.07743691 -18.88413088  14.94559745 -16.00785536
   2.80264089  -2.38231394  13.21450627]


[ 10.62471976  26.05683022  -4.10849359 -22.08604607  15.10437891
   5.64505751  -1.87694351 -22.8343472    5.81508716 -15.03725902
   1.68014538   0.15229001  16.85826212]


[ 10.87570456  30.034466    -1.7916609  -26.23928386  15.18000292
   2.76801877 -11.16765556 -27.08836667  10.80061652 -17.25367295
   3.134751    -1.09541663  20.96702209]


[ 11.17771191  30.5097852   -0.9391049  -24.6725872   16.11460348
   1.3877601  -13.10145853 -29.71724592   9.41882524 -16.70354302
   4.14020144  -1.10959491  21.68930936]


[ 11.38220499  29.32827002  -1.76241138 -21.63620539  16.46428855
  -3.15778049 -13.44171471 -30.65136155   8.52327872 -11.44169882
   6.83731424  -0.23042485  15.71402351]


[ 11.43977091  30.26822348  -1.32871257 -23.85106403  19.78702665
  -2.48071476 -19.14689264 -35.96480529  10.91535084 -11.17239291
   9.31089398  -3.37712903  17.57183761]


[ 11.53161976  27.49774116  -1.94423517 -19.29172899  20.23078957
  -2.51725677 -16.61129323 -34.37436645  10.63505282  -3.1600956
  14.55524043  -0.47090257  15.98876   ]


[ 11.64416935  31.57662599  -1.52154453 -25.66714858  26.09551452
  -4.43463547 -21.24118749 -35.02783603  18.32293552  -9.39224726
  18.53155455   2.42057489  20.50745071]


[ 11.84551604  31.80160366   0.1843335  -22.92833804  22.44925784
  -7.06588897 -21.39590789 -32.21128121  16.29061696 -13.00501222
  10.21468177  -0.60222695  23.90287531]


[ 11.86071428  29.51890454  -1.69255466 -22.02388919  21.31710462
  -7.9866998  -19.55104273 -31.14593335  16.84643749  -9.66218196
   9.84689505   2.31403349  23.95440073]


[ 12.00360197  30.10706437  -1.74263486 -23.36730939  21.15115533
  -7.35126269 -19.79095753 -32.07727364  17.71863088  -9.19540619
  10.56146808   0.22399584  21.21867158]


[ 11.92644915  27.68851641  -3.8907185  -22.97735911  17.11560235
  -9.40481484 -19.7128066  -33.99055608  10.7478053   -8.01007163
   9.70515864  -3.26336185  18.58863182]


[ 12.22198016  30.95866788  -5.06218091 -27.86762635  26.84822627
 -14.85450566 -22.95853987 -35.7675032   14.26506069 -21.18266063
   8.7674128   -0.18120605  18.41067273]


[ 12.75188294  28.77573619  -4.91964349 -24.9340248   24.69439845
 -10.61739994 -21.85344452 -39.57519673   8.78723717 -17.35698996
  11.29219512   8.17371401  22.17375875]


[ 13.27454162  29.2184605   -5.82444005 -26.67211274  24.09179057
 -18.66463038 -24.91132089 -37.23761285  14.3789954  -12.67579556
  18.19582026  10.00550867  24.91382994]


[ 13.46426487  26.90208426  -5.32582132 -22.90582697  21.49440831
 -22.81201044 -25.40683837 -34.18449209  15.97889907 -10.23092627
  16.34702797  12.94237023  21.65676982]


[ 13.50480694  24.49994778  -6.62786829 -21.53646666  19.66027299
 -29.38289046 -25.6512826  -28.62878293  18.19758437 -10.09419351
  14.91644073  11.28953392  18.80667451]


[ 13.55529255  26.05247654  -7.67391885 -26.02431166  24.86346093
 -27.68087678 -25.82590115 -30.32937467  23.6353623  -12.66817607
  12.98991793   7.17909699  17.26044346]


[ 13.65117682  27.928113    -9.04359258 -28.7748549   31.23310066
 -28.63359382 -25.56094955 -32.10199842  26.99353251 -15.00928372
  12.82592199   3.73907345  15.82714068]


[ 13.66889231  30.70184542 -10.92050716 -32.12404289  36.82493993
 -28.93596436 -22.86857953 -34.117434    25.6157398  -18.04145182
  17.21547718   4.7319426   15.66842442]


[ 13.94953922  21.27038652 -13.96165501 -27.49268889  33.87262422
 -29.41582138 -25.62957195 -35.63610096  20.6653561  -15.91571652
  18.53108124  15.67091367  28.64530265]


[ 14.19372136  31.75298735 -14.5235819  -41.34248596  55.48166174
 -32.19083622 -27.31330176 -35.10701894  27.72282452 -44.14294536
  26.16317764  17.5205009   20.08875745]


[ 14.2520923   21.45428545 -13.2809817  -25.6796024   35.04003527
 -25.88405329 -23.0962112  -37.25581553  13.1299305  -19.97276857
  19.04518975  17.66179023  21.58914333]


[ 14.41526538  24.18885364 -10.19012675 -26.43767733  24.63137133
 -22.64458918 -27.00982682 -39.96110155   6.19181121 -19.83375655
  17.9084721   16.94497444  18.43188671]


[ 14.71786525  20.98473714 -10.71852811 -24.20786523  18.47446599
 -28.36326994 -32.32534752 -40.1924249    2.01328176 -22.26507067
  11.91943198  14.63530711  17.47246265]


[ 15.05913707  27.66222682  -7.30433357 -25.69034065  29.09713599
 -29.79608932 -31.10035878 -39.92744707  11.93868276 -26.1226709
  10.85570133  12.1934328   18.50051279]


[ 15.25090771  23.17757811  -9.62076452 -24.66488129  27.42327995
 -32.12374413 -34.03195078 -41.62878386  11.26353505 -22.62885009
  12.01891231  11.96928039  19.65780971]


[ 15.43808008  22.20516535 -10.88631984 -24.83895104  30.0872867
 -36.14506036 -35.5425062  -42.06845204  14.35773005 -21.92771794
  10.77823797   6.31843762  17.20040089]


[ 15.71161655  23.02756413  -9.92627336 -23.41417485  39.90094636
 -41.83998942 -34.66805892 -37.8998522   26.48050086 -21.81023795
  10.39259883   3.64352411  18.48439417]


[ 15.89894596  18.66448423 -15.18186463 -28.70983674  33.69062025
 -45.6584127  -36.19352671 -37.90855461  25.93421486 -22.90348965
   6.35147569   0.93652263  21.55911233]


[ 15.75215385  21.15662549 -11.95446591 -26.410895    37.57791689
 -44.98910446 -36.30659548 -34.2189952   32.05745926 -21.73655177
   9.14311585   2.35794888  18.91913803]


[ 15.64111305  17.48450643 -16.08070786 -29.05293534  25.81997778
 -45.92258085 -36.33237201 -36.16369133  23.01733039 -20.04619383
   4.91641529  -0.19280698  16.3124678 ]


[ 15.88703037  23.46848802 -10.24574707 -24.2629969   32.34697803
 -43.46961521 -31.46067556 -33.29396577  24.49066815 -20.61653521
   6.83217093   1.12407899  16.52235849]


[ 16.53773116  21.50167619  -7.1131432  -19.38903204  27.06199959
 -37.42376277 -34.55117247 -34.02814182  18.86720105 -21.86474392
   3.82406853   6.58332185  21.39096388]


[ 16.91288242  20.3177938   -7.75372739 -19.25602786  24.24241074
 -37.91680898 -37.67281581 -37.91241     14.69309704 -20.62960682
   4.39559583   7.32442138  23.55884076]


[ 16.97769686  25.26646754  -7.36665016 -24.62241013  29.3952744
 -37.23418051 -39.72412601 -42.12526916  15.11048274 -27.10586439
   7.26151024   8.45222326  21.71551963]


[ 16.99677579  23.43549516  -7.52903415 -20.60307049  28.59461522
 -37.28338095 -37.05752056 -41.93957904  10.59765137 -25.04087395
   6.90572201   9.99345791  23.14713894]


[ 16.90785907  19.76418413  -7.43957607 -19.02267572  19.13112579
 -32.85993494 -34.98375971 -36.30844692   9.35101755 -22.55686402
   1.03561973   8.19961926  24.6460934 ]


[ 16.86914184  20.86286737  -8.08565458 -20.09790361  20.0895133
 -33.71477533 -33.81840855 -36.36124684   8.55695026 -23.72429551
   0.98417103   6.65854156  23.39850049]


[ 16.87767113  39.6592893  -10.642215   -37.31867949  50.25491598
 -49.89008018 -25.85272926 -39.66253259  22.25229916 -39.88256838
  13.66893368   3.67618322  19.30511846]


[ 16.88907345  19.74061034  -7.61509855 -17.92933946  14.131663
 -29.60102028 -31.5891373  -34.26596389   4.18694132 -20.34319561
  -0.1185418    5.72996862  21.77040929]


[ 16.88223794  21.91415284 -10.91488811 -28.29716793  15.34514727
 -34.14480213 -37.56426871 -41.12126775   5.37718822 -29.65855918
  -1.28139467   6.28645346  22.63171808]


[ 16.83388691  22.27334368  -6.92302277 -20.07171355  16.33738714
 -31.91859557 -31.49409389 -33.08598103   8.69186294 -22.39388667
  -0.30717468   6.96079435  22.9165185 ]


[ 16.78061347  39.63330371 -10.63674649 -36.06796082  52.97006248
 -53.13484968 -23.62990388 -33.8390115   25.4481303  -43.322494
  12.63185063   7.51083939  19.79401303]


[ 16.70210214  24.00238547  -6.56289551 -20.18194653  25.19491014
 -37.54508489 -29.47801363 -28.4821895   15.37374817 -28.34481924
   2.64614668  11.33498651  23.76357106]


[ 16.65995607  20.84358537  -8.00510893 -21.80729753  16.0190878
 -40.8418617  -34.98980667 -31.20234584  10.5375707  -28.00923438
   3.07605808  14.56074373  21.69784381]


[ 16.57389437  23.92369126  -9.93096366 -29.82876275  18.03345839
 -42.42192797 -37.90759486 -37.86266387   9.85017455 -33.0784681
   5.99796805  15.44218479  21.18709858]


[ 16.42169252  24.94013785  -5.36041383 -21.28390193  16.15099228
 -30.93958986 -31.53855525 -35.92998089   5.28329304 -23.18668142
   6.60965553  12.80667365  19.46380378]


[ 16.35835743  41.43948711  -3.68285036 -34.3062254   36.05170009
 -38.18884907 -26.86844559 -39.21032213  15.72551602 -35.64468538
  17.79000826  14.1111765   18.18116547]


[ 16.40141101  34.94649949  -6.36588834 -28.59311381  35.43649998
 -44.01857278 -26.55770658 -35.97843393  16.31808366 -31.97154257
  11.39447325  12.53772844  22.40832254]


[ 16.36326046  28.26751751  -5.86004327 -25.58009807  25.88269918
 -36.1649348  -31.70113546 -33.17348587  15.58195652 -30.5902369
   5.26427335  12.12080993  22.14645918]


[ 16.31215217  19.45567739  -8.5764323  -21.46875655  10.41246019
 -36.02819696 -36.01386934 -35.97769161   3.90526382 -23.55421047
   1.38644309  11.00830712  24.27170758]


[ 16.27555345  23.79602964  -7.09599166 -24.95329527   8.57660253
 -37.66323624 -35.23416359 -36.11591584   4.96333656 -24.54301055
   2.76105296  10.35338468  22.23827753]


[ 16.25649531  26.56129989  -5.41204048 -25.54866754  13.98235639
 -32.02186018 -31.99694419 -35.58537795   6.52335844 -26.73423533
   6.43756758  14.56890789  22.29117235]


[ 16.26216671  38.58161449  -5.28750319 -33.33415196  35.71996639
 -40.97191713 -23.03709068 -33.48351943  17.66559395 -38.24933863
  13.97961224  17.46959131  19.96877252]


[ 16.32607713  28.62734441  -4.96115591 -24.17494413  18.41617439
 -29.31614754 -25.20256714 -34.68068751   4.06058364 -26.67093689
  10.60112961  17.61672757  22.36061617]


[ 16.37648927  26.39300081 -10.9642135  -33.59373685  19.57596335
 -36.96699407 -33.70960866 -41.18637641   3.62929467 -36.68769391
  10.14744603  18.19673784  23.41385265]


[ 16.42624     18.35736216  -8.72073565 -20.13908789  14.02441744
 -32.75272772 -28.49471935 -32.09314827   1.04933461 -28.86046779
   4.47898137  18.31894059  25.8138192 ]


[ 16.49161313  28.2317321   -9.3257544  -27.50333253  36.64165914
 -39.57947086 -24.56932622 -34.46904317  12.8716847  -37.38522789
  11.72084203  19.19133991  25.5732023 ]


[ 16.4873393   20.61891209  -8.77084951 -21.02601886  23.86720404
 -34.12813912 -31.66003799 -35.5969858    8.3694334  -27.77757335
   5.63339988  13.85150942  24.31457629]


[ 16.47594162  19.05578143  -7.98272259 -17.91311316  22.12796311
 -32.6375077  -30.63749409 -33.79220341   8.4585956  -25.00606566
   1.95138647  10.58360334  26.40098829]


[ 16.51570804  20.70631278  -6.95031799 -17.20675394  24.33677939
 -29.95884455 -31.91005866 -37.41636082   7.23404404 -22.7219247
   4.83910069   9.54292409  22.34452709]


[ 16.50657393  21.45110318  -9.15040108 -21.5765285   26.74362659
 -32.52274469 -31.4796398  -40.27915705   7.70887387 -25.03302502
   6.61002638  10.44405899  23.9277471 ]


[ 16.48542257  22.79863189 -10.8646482  -26.52439072  30.64415175
 -33.84798814 -29.2852731  -37.21014798  13.31380354 -30.69798007
   4.08483678   7.53646328  24.89568169]


[ 16.49527     31.89561509 -15.51327881 -38.26633781  48.60347874
 -50.40897599 -26.47698282 -40.94015896  21.529318   -40.91573852
  10.7328668    5.51315352  20.81799585]


[ 16.46384531  31.11138776 -14.68107559 -34.07031499  49.38392923
 -52.0453236  -25.01117907 -42.23923693  20.61982169 -36.26636199
  10.32792183   6.60075119  20.81612812]


[ 16.38450427  20.51461688 -10.01862295 -22.2082158   27.88447835
 -32.57343494 -31.96481601 -39.99426713   9.6204233  -24.9244407
   7.18732768  10.57660994  25.11956952]


[ 16.23280705  26.93772046  -9.96970977 -31.1810156   27.4545541
 -27.10698915 -28.3608531  -43.52545179   7.10461625 -30.52704988
   8.24419842   9.36143645  24.46557219]


[ 15.97171457  29.5894229  -10.08086788 -33.95953471  27.13107939
 -19.9487095  -23.57603279 -48.28559975   2.73621391 -28.62284857
   8.60378539   5.15043908  24.18311447]


[ 15.76806884  24.65684137 -10.29814414 -30.55993415  13.17948943
 -11.97834435 -18.79685638 -45.14088494  -7.64083221 -24.46934473
   4.09994821   3.42958573  26.18247106]


[ 15.79611854  36.48302259 -12.14074065 -45.74000494  29.06801725
 -17.45023917  -9.16341767 -48.87123184  -0.73820829 -37.40894081
  13.31093313   5.31879403  29.66486282]


[ 15.89193625  26.24313155  -7.83658452 -32.24529803   6.24717449
  -6.34275491  -7.91736724 -42.3285047  -12.50873881 -23.70571765
   9.85592482   5.20903365  25.05423646]


[ 15.64555471  31.75048944  -8.3604984  -39.51783072  12.69400245
  -7.62754057  -6.65710654 -48.72433065 -11.22766379 -32.15335577
   7.327       -0.07160664  27.32205217]


[ 15.520312    22.05735567  -6.41537621 -26.96322553  -5.40983136
 -10.30601267 -12.24181798 -41.07416454 -22.844963   -22.9556141
   5.14266842   0.88729639  15.94733592]


[ 15.19105229  31.97832784  -1.72103529 -30.28538348   2.50483887
 -10.74559944 -14.32943465 -47.17385055 -12.06291757 -21.04062051
   6.87114442  -3.77130171  15.83221973]


[ 15.22521118  35.92875661  -0.69221203 -33.22207008   5.50657124
 -14.05724692 -17.1061364  -49.1235834   -9.13720908 -24.46018906
   7.93599986  -5.84685237  14.26910585]


[ 15.01110491  31.58238868  -0.16170515 -24.57603665   1.62481228
 -16.56135858 -21.36415447 -42.53626515 -10.18555604 -20.54475723
   0.55739001  -9.34648545   7.19842921]


[ 14.89479203  31.01411575   0.45196789 -24.21086983  -0.40553403
 -15.90929802 -21.1293798  -42.21653528  -9.50689876 -15.8855821
   5.92482115  -6.61829467   6.56643799]


[ 14.63546347  35.53912912   3.88395288 -24.02538112   6.98029342
 -10.90721307 -18.59728381 -44.81776349  -1.40312944 -10.61067722
  11.49811902  -2.64922264   9.44996733]


[ 1.38021840e+01  3.53668670e+01 -3.36135580e-01 -3.00339942e+01
  5.44357965e+00 -1.52112220e+01 -2.00039161e+01 -4.36086460e+01
  3.83084151e-02 -1.56446833e+01  5.23885934e+00 -9.76474118e+00
  7.94852365e+00]


[ 13.2463952   37.43275621  -1.08032776 -32.11295508  17.28588323
 -11.02735123 -18.99221128 -43.04640651   8.59757917 -16.80580626
   8.65005834 -11.32094013   6.83842892]


[ 12.74583471  32.23496527  -0.93537379 -23.16688222  17.26777734
  -6.34653397 -16.82685331 -38.29845498   2.8271627  -14.69903372
   6.93087158  -8.59572503  11.733083  ]


[ 12.01231149  33.3245464   -2.28988391 -28.70094455  21.64137563
  -1.94445587 -13.90273337 -36.66339066  12.31483522 -17.07465601
   5.58518374  -3.6453089   14.56787979]


[ 11.65118154  32.0611916   -2.8958629  -28.43743575  29.0827675
   6.85381429  -9.28321978 -30.62151928  18.67055096 -18.7453727
   5.72354447  -4.24528389  13.69531596]


[ 11.52002032  31.70613811  -3.13968218 -29.47915259  25.96900908
   6.14310815 -11.98171002 -31.93464453  16.17694846 -19.07163059
   7.7053053   -2.94248812  15.76091252]


[ 11.34451495  31.14740179  -2.21833585 -27.03468009  28.37774684
   8.51110915 -12.18891472 -31.18741536  15.78582162 -18.6636806
  11.2178555    1.83377814  15.80619718]


[ 11.17202986  25.39784258  -4.2001491  -21.27802393  20.2211295
   7.61875396 -10.09052841 -32.72853416   3.24953089 -12.07450562
  11.98122733  -1.07387694  16.92089949]


[ 11.06977964  30.61634546  -2.55689853 -27.65836834  24.2278228
   8.63839977 -11.05307561 -28.80305634  15.56137084 -15.82205069
   9.33643654  -9.48669744  14.11954395]


[ 10.83603727  29.00094685  -2.60287565 -26.32724807  23.57401703
   8.70347587 -10.0504441  -22.68495651  25.80490704  -8.04059337
   7.40753392 -11.6762797    9.48516611]


[ 10.99906554  28.92447502  -3.15331114 -24.66977191  24.96899057
   4.16887464 -11.72130163 -25.32023992  24.0132628   -7.61780148
   6.9728808  -10.97778162   7.88402333]


[ 11.10637592  28.58028139  -3.4120415  -24.30195011  25.08640951
   3.4742004  -13.54116832 -27.30236401  19.57366444  -9.14842278
   8.7164164  -13.550954    12.47218936]


[ 11.05280154  27.84539714  -4.24345717 -23.15636125  24.63737737
   1.72554448 -10.9642236  -25.97420636  20.37109446  -4.46598266
  11.21333306 -10.60340206  11.6574277 ]


[ 10.97687906  29.83317824  -1.45840712 -23.07844196  24.71115456
   6.27163373 -11.4032719  -26.55943294  16.46280342 -12.3232398
  10.45945015  -1.58568192  14.43205679]


[ 10.95402733  30.58911746  -0.15540144 -23.69097575  18.92872738
   8.1644798   -6.83908295 -21.43280336  19.49889137  -9.22284626
   6.60191506  -4.74271353  11.31223684]


[ 10.87747442  27.79387736  -1.45337229 -21.31834435  14.59724123
   7.18184402  -3.95640612 -19.35541985  12.83740319  -9.26205428
   6.86220931  -3.4457241   10.24276287]


[ 10.79962477  28.25877712  -2.11041076 -22.0640755   16.48192442
   4.0831338   -3.68205483 -14.89421938  17.64882885 -10.00040295
   8.96891957   5.36572131  17.56057961]


[ 10.78718825  29.56332147  -1.59585716 -24.23164023  17.60696939
   1.97238624 -10.1985314  -16.33652281  19.34816668 -15.28071911
   6.66607992   0.23680156  14.92081036]


[ 10.74552103  29.77773785  -0.74299974 -23.85867448  21.34756084
   7.12252963 -11.52775816 -19.03117057  21.97122915 -12.86392321
   5.95827756 -11.27690455   5.06901092]


[ 10.7077868   29.44573202  -0.31788027 -22.42732669  19.23857112
   5.54619431 -12.64859469 -21.95934455  21.37128422  -7.50285019
   7.89128239  -9.46419927   7.83302847]


[ 10.83495872  28.02583386  -1.20834902 -20.1329612   18.47096871
  -0.37506373 -14.65200703 -23.61017897  19.91348223  -6.45843539
   6.42965294  -4.24941565   8.91104663]


[ 10.80338756  28.66767872  -3.14017291 -24.06896006  21.59523381
  -1.74030698 -13.33145113 -23.34126957  24.02261369  -9.75353926
   5.8366509    1.6861842   12.10240782]


[ 10.52128841  26.25412676  -7.28101482 -29.23444567  22.6344208
   3.13126628  -9.10727603 -20.59030669  23.22454264 -15.08228874
   3.94591915  -4.64021446   7.94307194]


[ 10.6484104   25.9815195   -7.14440158 -27.76390411  21.4293264
   0.55029771 -11.64242476 -23.76286443  17.90748967 -16.91633506
   1.8678614   -6.59766613   8.51289804]


[ 10.68801004  27.95479964  -3.690971   -24.35099411  24.58548333
   3.98535464 -12.03321324 -23.47372599  18.89221822 -15.83784635
   4.5864467   -5.99841853   8.05955614]


[ 10.70750589  27.92332439  -0.63387509 -21.38739477  15.77659053
   7.27394673  -8.12926652 -19.74550476  20.33706764  -5.93410287
   3.08303979  -6.12312982  14.84077316]


[ 10.53175912  29.30873733  -1.00632406 -26.20419057  14.81310996
   9.42462896  -6.50021547 -18.96252045  23.24614312  -8.1515721
   4.67150327  -1.47966022  16.0742212 ]


[ 10.50397648  27.29984602  -2.41106581 -24.2426925   12.47687405
   6.17215207  -6.53404612 -18.40953679  19.8749234   -5.5169358
   5.73776467  -3.5753085   13.67374686]


[ 10.39371529  26.750683    -3.16988365 -24.01052125  19.37343905
   8.94414632  -6.34001721 -16.14558087  24.0988084   -7.4861656
   7.11482575  -4.25861585   7.72949945]


[ 10.39716681  27.13319217  -2.81845478 -25.40931894  21.63986926
  10.67091081  -9.12507465 -16.78614221  23.0104916  -15.29391567
   5.30279331  -1.07457865  12.4311028 ]


[ 10.36019829  26.92772256  -3.01659769 -22.48514967  22.48153298
   8.861326    -5.4355826  -14.08217307  22.35535531 -14.62216037
   1.30992317  -5.55973146   9.92968202]


[ 10.41858446  26.95078395  -2.77028917 -21.36630779  19.97726936
   7.40016021  -3.89718874 -14.30653779  17.6827773  -14.90824942
   0.85849132  -4.15444407  11.55596193]


[ 10.25234599  24.88857098  -3.34529899 -20.53728652  19.38729685
  10.65077831  -4.54885945 -15.80469859  15.78930316 -13.53786362
   1.93257429  -3.95859394  11.29563643]


[ 10.32081435  27.99150286  -0.9521268  -23.95504204  16.1496514
  11.75155775  -7.41436158 -17.24242602  20.60014311  -9.69917354
   6.82184841  -2.27855963  15.76723015]


[ 10.45720539  27.94197641  -2.27457896 -25.08378746  16.77099806
   7.91532657  -6.92536591 -12.21008164  25.18889638 -10.33915785
   6.02711345  -3.52600611  19.02859563]


[ 10.50915862  27.92301698  -2.32480799 -22.51265584  16.9826795
   7.01472928  -2.61846587 -14.32938182  20.10196999  -8.35409494
   2.94142968  -7.77103142  16.36713985]


[ 10.41850087  28.48786237  -1.13226229 -21.38351285  19.57904113
   7.3849741   -4.91175095 -12.44859759  24.90373232  -8.81812504
   2.9827557   -6.29744678  10.7708811 ]


[ 10.16259106  25.23032209  -2.11035717 -17.80648783  14.84929108
   3.66456874  -5.09739386  -9.39185125  19.74262015  -6.4242842
   4.19421656  -6.59439325   3.37383033]


[ 10.04409215  26.58917567  -2.49125773 -21.61948202  17.75857352
   1.2973881   -9.72086804 -12.96015023  23.05261751 -10.47914808
   5.88204925  -1.70230329   3.98835188]


[ 10.04646487  24.47505196  -2.97981073 -18.41304824  14.88847956
   1.49206139  -8.99730073 -16.03891334  15.01091004  -9.49903276
   2.80785137  -5.19318627   2.82347583]


[ 10.20984524  25.71404703  -4.69503657 -24.81476175  18.93820162
   5.65095847  -9.73698115 -19.80955013  20.01063954 -11.39468545
   5.10900433  -3.05233668  10.92933459]


[ 10.36333068  26.94223343  -3.53747927 -23.74715793  19.68993739
   6.49913325  -8.14932211 -19.74964192  16.55790526 -17.09388511
  -1.77938805 -10.25466118   9.12933217]


[ 10.3659944   25.93069991  -2.43368473 -17.628502    22.26297798
   6.42920717  -5.38811979 -16.66071928  13.74768896 -17.71016313
  -5.13991808 -10.72552694  10.2357363 ]


[ 10.6154559   28.86049178  -0.57429136 -20.63785898  24.96035824
   8.79952731  -7.57787453 -14.23454374  20.62977258 -19.92746326
  -0.88049241  -6.19348915  11.25868087]


[ 10.67224877  26.47745055  -2.92796514 -18.08760786  22.6240082
   7.33101774  -1.04250845 -14.36128673  16.82305734 -12.89023391
  -0.38044327  -7.50553149   9.38115876]


[ 10.61585867  27.72017998  -3.97736239 -24.14371043  21.02302135
   7.90877008  -2.79526431 -13.6728298   20.39910766 -13.42177066
   4.18451277  -8.39430027  11.60683151]


[ 10.39342112  26.80824353  -4.88225815 -26.30663926  20.41467154
   8.6816539   -3.80411758 -16.26289367  26.13065733  -6.22226023
   7.59472329  -4.27859109  13.33352188]


[ 10.19771376  24.89922809  -4.62408828 -19.18730667  21.55775421
   4.53553365  -2.56844843 -15.9036233   24.53100883   1.2157868
   6.54738676  -8.41219067   8.38339236]


[ 10.27143992  25.44322092  -5.92556342 -24.33340624  25.24405911
   9.74121072  -1.45338433 -13.1597576   31.40756529  -3.0906079
   8.73505448  -2.5579119   10.86589624]


[ 10.37795221  26.85078975  -4.42434686 -24.08151413  23.06063613
   9.72705833  -1.46152585 -13.99360003  29.28182996  -2.98305883
   8.98594534  -1.21571463  13.34556037]


[ 10.39440332  26.21551528  -5.4273277  -25.45877728  23.6389532
  12.62908162   2.15983129  -6.28613695  33.64730613  -3.05854314
  11.36635177  -0.29616106  11.56215771]


[ 10.23667994  25.07794197  -5.82474113 -24.49995304  17.03983039
   6.2113099    0.74897017  -4.11917592  30.99676334  -2.86331903
   6.32216787  -4.09253712  11.41090925]


[ 10.18942743  23.84657393  -5.03840604 -20.62949778  14.1685229
   3.65725633  -0.94055039  -7.65482231  21.62023576  -5.45529096
   3.69915926  -4.42948828   9.3919362 ]


[ 10.34213918  27.14892946  -2.91741036 -24.88007544  17.13244603
   7.40734178  -5.22331004 -10.56801566  26.11925241  -9.03090147
   7.50123825   1.34495465  12.35592623]


[ 10.36419771  26.74213726  -3.35712153 -25.78348003  18.07110624
   9.36205326  -4.30318091  -9.7435515   27.87562687  -8.59089871
   9.09084093   3.8104656   14.28857598]


[ 10.30833836  26.91934369  -4.1158565  -26.01319118  17.93176278
   8.01601146  -1.767852    -9.80731646  26.44509798 -11.06914261
   4.09661785   0.45845655   9.67684234]


[ 10.31087974  25.56503793  -4.44479021 -21.82037609  18.486016
   6.77037688   2.60522332  -8.0368764   22.84245022 -11.65798139
  -2.59634561  -4.14587584   8.07933375]


[ 10.38185071  25.47157377  -3.24708709 -19.89376788  22.30227737
   9.45229847  -0.18350643  -6.80294599  27.30222313 -12.19002117
  -5.9564374  -12.8699891    4.26179645]


[ 10.48327423  27.19603321  -2.62620392 -22.3679417   24.1378607
   8.83245731  -5.0620395   -9.61811145  28.01517348 -15.0130791
  -0.44049041  -7.29728026   7.92477249]


[ 10.29492461  25.81697909  -4.27622032 -24.32801956  23.85680525
   8.85187558  -7.20341162 -10.90441341  29.51232702 -11.32051685
   5.64272489  -3.89970483   9.48083034]


[ 10.25826252  24.45280346  -6.32040619 -22.99540982  25.96150615
   9.39527262  -2.10406782 -12.2700014   23.33023389 -11.59870495
   8.26143343   1.69632165  10.93350603]


[ 10.28355891  21.75708564  -6.73249824 -20.05651138  19.99455584
  11.31859154   4.64694292  -5.36226847  21.37746632  -5.85731077
   9.38740083   4.60511873  14.97004699]


[ 10.39495779  26.00437152  -4.45320955 -24.286511    21.25948125
  13.20452395   3.35023912  -4.28933795  28.30446925 -10.04360345
   4.42196852  -1.68588327  11.57206364]


[ 10.57655408  26.35885162  -4.44298733 -22.61178781  22.04639293
  11.25666045   4.08183954  -3.79175842  28.05331455  -6.19859967
   6.57150574  -6.4357057   15.32714944]


[ 10.61937291  26.65379398  -3.79457723 -21.0530598   21.61827632
   7.91041389   1.35210789  -7.11201944  25.56145071  -6.33140305
   8.77039339   0.38567334  14.41173013]


[ 10.37118465  25.51491243  -4.33148249 -21.48389223  20.69345394
   8.33595325  -1.89162056  -8.01993698  21.40394455  -9.89443875
  10.62341674   0.78212439  16.75242769]


[ 10.31150494  24.68582186  -5.27840091 -22.44237567  19.04786273
   3.48761052  -5.3577121  -10.66397595  22.77814408  -9.23230548
   7.03344893   2.51803279  20.49436994]


[ 10.1215234   25.10495918  -3.93905492 -20.68679738  21.58576701
   7.75981528  -3.88782662 -10.60759509  24.43263952  -8.83219936
   5.71604908   1.186979    18.58360756]


[ 10.08926629  25.02745883  -3.17503249 -20.18145458  23.32458721
  11.93636206  -3.86148226 -12.92508566  24.50405935  -8.29589971
   4.46008001  -3.1663654   13.82857908]


[ 10.30869486  25.60881223  -3.71512064 -19.40504449  28.21520896
  11.43496129   0.95340155 -13.15883715  18.29992906 -19.39804264
  -1.79325895  -3.66626578   3.72376673]


[ 10.35904284  24.45178583  -6.09002786 -22.4187176   26.09997542
   7.08136996  -4.22842677 -17.26536864  17.39653024 -17.63965704
   1.35703514  -6.81594338   1.22068763]


[ 10.40696974  24.29834448  -7.03879925 -23.49956855  24.38976322
   8.28132231   1.32505622 -11.89771983  21.09163017 -12.01910943
   7.18433011  -1.1759676    2.99083668]


[ 10.35838954  25.69500718  -6.73080243 -28.31368892  23.66832077
   9.25952377  -6.02381988 -18.09506282  26.98683798  -8.08679159
  10.14465613  -2.57609562   9.55704102]


[ 10.22204566  22.41015113  -9.14680798 -27.21067864  17.82814773
   6.92796069  -5.89847788 -15.31472027  21.16012292  -4.86266359
  14.21711626  -3.75399779  17.55008902]


[ 10.31121212  24.33532316  -7.13288264 -26.7452316   24.05912895
  14.59539343  -2.15178971 -18.41898535  22.87111543  -6.95157222
   9.60619903  -6.39853428  16.23506647]


[ 10.36489125  25.6139682   -5.75262723 -27.8926644   20.19788791
  11.10383183  -9.06097711 -25.99244784  15.9536101  -11.08902054
  11.1771394   -3.04180385  13.25276722]


[ 10.48025411  26.94311196  -5.05512551 -27.3607498   21.3722499
  10.47884472  -6.65914699 -24.30813814  17.5406415   -9.2548317
  13.5816646    0.47987089  14.98322087]


[ 10.36384144  26.56263447  -3.98937747 -22.83862849  23.97154445
  10.34571617  -3.22960429 -17.36314936  21.26897519  -7.72243673
  11.09641531   1.34272788  15.35726916]


[ 10.20807296  25.38598077  -2.09214022 -17.5566596   22.01906602
   8.88880154  -4.80455879 -13.45917034  21.26183432  -7.14873174
   6.11407504  -3.09634477  11.92909656]


[ 10.19495818  24.96276901  -2.25818157 -15.55046336  19.89607965
   6.51630528  -2.03371285 -12.23284529  20.62783543  -2.30282555
   6.61270507  -1.03172001  10.20986921]


[ 10.43273898  26.25512883  -1.49890297 -17.96186848  19.37372868
  12.25960648   0.44517588 -13.83424914  22.00872062   0.68739776
   9.5979991   -2.58055411  11.84203451]


[ 10.50503728  27.48891117  -1.18437103 -18.74625555  20.8765584
   9.65552366  -3.5811777  -20.39509813  21.3901413    1.17712584
  10.81479035  -2.99373722  13.15932771]


[ 10.35324569  26.23178588  -3.16838795 -23.04963191  18.92344803
  10.18086129  -7.38051142 -23.28172817  19.05991803  -3.54374224
   8.15919684  -9.2446664   11.90403346]


[ 10.23249283  25.687336    -4.88724662 -23.89611214  20.72408429
  10.46321519  -3.8977701  -22.48156992  17.52118092  -6.4753219
   8.0741857   -6.96525716   8.50345668]


[ 10.23341037  23.77894389  -5.46884471 -21.00003488  22.66447337
  14.18917668   1.5846665  -15.86041565  18.27503952  -6.42664341
   6.02308765 -10.47486291   7.8770211 ]


[ 10.29812508  25.78657193  -4.7068139  -23.71562565  22.08761012
  13.26945214   1.52045363 -14.72141463  26.69858768  -3.84918296
   5.64123893  -4.22327008   9.13331268]


[ 10.25533142  22.56392792  -5.71781803 -20.31564217  19.68126539
   6.29075156  -0.88441739  -8.09915327  27.81591106  -3.23282051
   2.98654146  -5.331777    10.71851187]


[ 10.27149525  24.12116175  -4.44704959 -20.2695922   20.7886003
   5.67795094  -4.54669087 -10.43868317  26.7739495   -5.52124817
   3.94940533  -6.26040687  10.64114811]


[  9.72563863  25.12444121  -3.71619093 -20.11257598  24.05481547
   5.19424315  -6.95752431  -6.96280254  31.82906596  -5.95746899
   5.5575069  -11.38652855   7.22905844]
