

[  3.66071421 -16.529637   -20.64762383  -9.81350871 -19.25814679
  -7.76637016 -22.38481969 -19.06657104 -11.02801125   4.8403137
  -5.08169418  16.82183996   7.34913792]


[  0.66361719 -23.0192371  -29.06448283  -5.28981197  -5.22499269
 -15.36035895   3.036588    -8.41977906  -5.2268064    6.26783773
 -14.45720127  11.94441319 -13.11640092]


[  1.35746863 -17.46578312 -23.89833897 -12.01988703 -10.56312385
   2.95003064 -16.33353452   0.96283836  -1.23568662  -5.23001426
  -1.34186301   1.10911053  -4.21183444]


[  1.35746863 -17.46578312 -23.89833897 -12.01988703 -10.56312385
   2.95003064 -16.33353452   0.96283836  -1.23568662  -5.23001426
  -1.34186301   1.10911053  -4.21183444]


[  3.55607369 -12.1577519  -19.83830825 -15.44039079 -19.53575005
   6.01579909 -15.08453035  -6.34904187 -15.28299693 -11.83549838
  -9.53291199  -3.98264526   5.87364015]


[  7.94673371  12.33389403 -15.26990676 -31.06053888   1.93938726
   9.60379081  -6.56875294 -15.27239206  12.61932613  -6.28295403
   3.44792452  -7.89086021  13.02222833]


[  9.53563943  23.91404338  -2.46078179 -20.88196537  13.8284306
  11.77551032  -2.10489053 -12.00991919  11.25199195 -24.23111332
 -12.02656622  -9.38926003  16.39940302]


[ 10.03634312  26.96209143  -2.21871509 -24.28695965  12.43812209
   7.80261538   0.13121088  -6.88416665  20.58533842 -19.92862472
  -8.71144652  -9.09588178  10.34162331]


[  9.95204634  27.17064075   0.03605916 -20.94646664  10.85813312
   8.08676157  -1.92722195  -6.53586963  21.27026512 -16.51081654
  -9.87828816 -12.47371411   8.2414287 ]


[  9.81504309  23.89115684  -2.45521494 -19.25350544   8.47261444
   4.6801309   -2.15836407  -8.99672162  17.89502081  -9.58459428
  -3.89031682  -3.53329836  12.22289409]


[  9.82704161  26.01559442   0.13018226 -19.30507238  12.16222409
  10.11467637  -4.82315396 -10.21021986  21.81573703  -9.25807042
  -1.87292565  -3.01005297  11.20277486]


[  9.79885761  25.55569388  -0.41273165 -18.25071224  11.24414889
   8.7026271   -2.74006706  -6.58329934  18.34994187  -9.60224959
   3.61584692   0.9475275   14.54137829]


[  9.88500643  26.82350876   0.36335253 -20.89867149   9.61629926
  10.84623595  -5.20458612  -8.58974298  20.67135206  -7.38916211
   5.36984682  -3.24023779  14.71518369]


[  9.87965969  27.17566317   0.10307151 -20.40621599  11.32721712
  11.02614792  -2.76797115  -9.61271445  17.73618201 -11.06747009
   0.37291686  -8.48863451  10.72259158]


[  9.9254591   27.50844671   0.34426547 -20.26690198  12.86795977
  12.61741754  -1.43791625 -14.00749771  17.32803888 -12.01684042
  -5.81389769 -11.92697248  12.58354501]


[  9.84793539  26.45119704  -0.65392361 -20.65534717  10.29132561
   8.30608638  -5.89052323 -19.36846302  12.6932929  -14.83106496
  -9.28440048 -10.99013886   7.97249026]


[  9.88177287  26.87613611   1.31544533 -19.29879161  13.18448822
  13.01438142  -9.30257057 -20.73847551  13.60212806 -13.30749956
  -5.13198974 -12.54495565  10.61978628]


[  9.70567996  24.91167667  -0.52560375 -19.37317398  10.12373632
   9.77528706  -8.05915342 -17.66602841  16.56006418  -3.98835802
   3.57177085  -6.42935361  13.97724713]


[  9.71204914  26.01758693  -1.04578385 -23.56287048   5.30743864
   8.15464415  -8.12560917 -18.81759191  16.81884902  -2.9158518
   3.78434427  -7.88852337  12.59446339]


[  9.70297092  24.64759624  -3.32360123 -22.78404689   4.7955178
   3.74516003  -4.338951   -12.82172801  15.80232879  -4.48814669
   4.89459166  -5.9016558    7.44980065]


[  9.68046378  24.5638721   -4.22431711 -28.19363762  -0.84307928
   3.1176095   -5.8560665  -12.98920863  17.80443967  -4.29440113
   3.92406352  -7.90939726  12.88632781]


[  9.75159669  24.93846324  -3.27761097 -25.54597136   1.22396742
   3.42987943  -4.88144298  -9.68341065  17.90415159  -4.93840657
   5.18049467  -8.7204158   13.99706803]


[  9.77615974  24.720413    -3.0474742  -23.69212023   2.51181745
   1.57802512  -6.77055333 -12.71993277  15.95702016  -4.18001864
   3.47171623  -8.38651043  17.82781015]


[  9.85438432  25.99570816  -0.92193597 -20.97973612   7.14693264
   3.85681647  -8.90136286 -14.69457912  16.65312775  -6.88562959
   1.14954657  -8.35214825  13.44183253]


[  9.74256647  25.70457917  -0.18880273 -20.26731897   9.74495181
   6.88291008  -8.39731818 -13.23213328  22.81446773  -3.82817062
  -1.05760893 -12.11784052  12.12738228]


[  9.88716002  24.59441045  -2.83968321 -21.28532229   8.18543857
   3.61949954  -5.75408719 -12.14272826  19.17393397  -3.54445099
   2.46468566  -8.44439515  17.22241328]


[ 10.03121843  27.36808762   0.18016044 -24.50092061   3.90849336
   6.65460302  -9.91976897 -14.83551807  21.94435181  -1.70755445
   6.51980373  -6.38047143  19.24187064]


[  9.86817604  24.75373955  -0.81761318 -19.6738264    3.30325751
   3.5705542   -8.55150272 -13.83561453  14.15400824  -3.3877278
   4.64220303  -6.19557956  13.02695421]


[  9.75777675  23.72493371  -1.55448327 -19.78792365   1.40895329
   0.5432181  -10.5422457  -14.31578143  13.34585624  -3.1172677
   4.07875382  -5.54003187  10.47417704]


[  9.51295267  22.52183785  -2.52699822 -18.997749     5.45189819
   0.3203801  -12.93034829 -15.69826195  15.57976104  -3.51279195
   2.76454055  -4.46378869  10.49323637]


[  9.5860163   24.8806053   -1.9179276  -22.37448822   8.90575765
   6.25728212 -10.68257622 -12.96092921  18.25226724 -10.07328735
   1.79249551  -8.62216814   9.45559673]


[  9.73197703  25.40653193  -0.40294502 -18.56610553  11.22612396
   8.98910525  -6.2400379  -12.29968899  13.90885418 -12.09661146
  -0.59460113  -9.12143059   9.58710518]


[  9.73406857  25.96808056   0.72795036 -19.13039823  11.84891114
  10.63927149  -4.7744604   -4.39050567  19.09775666 -19.51552237
  -7.78300638 -10.4290258    9.33503905]


[  9.7405175   24.00010062  -1.76097601 -18.90558181  11.71797097
   7.32040094  -2.74711031  -1.30416794  22.05891431 -13.49733893
  -4.64269676 -10.47457588   8.80888381]


[  9.79205608  25.72661689  -1.07127957 -20.86148755  12.22570057
   5.361537    -8.57606822  -7.36514087  19.14286358 -17.90304016
  -5.1583857   -9.62404979  12.67937932]


[  9.81898793  26.42264875  -1.45747168 -21.51882061  12.85597177
   6.55174093  -4.90065103  -5.58368231  23.16476613 -11.57484453
   0.06209468  -7.92248961  13.93225068]


[ 10.27812864  22.90571568  -6.64303674 -22.56326142  13.8140486
   4.08988997   1.54365734  -8.64522075  24.96680012  -2.04314783
   0.74933946 -10.27153235  13.42164774]


[ 10.77260616  21.43513296 -10.26507811 -26.28307645  18.15292498
   6.39702322   4.66968187 -13.39808237  26.26063282   2.51587276
   5.72013258 -13.14381479  18.24190956]


[ 11.28823376  26.09855149 -12.04615976 -37.02147595  25.80266733
   5.79284577   2.29570455 -15.97232641  32.399293    -8.68205949
   7.94938141 -16.43271781  17.1690633 ]


[ 11.67403759  19.88668278 -16.2259498  -33.56899027  21.58632174
   4.27021156   4.85193945 -19.02667836  26.35137641  -1.31771928
   2.8473493  -23.66293266   6.92453525]


[ 11.95828431  19.53186784 -17.28769224 -35.36268069  25.22966925
   3.82683872   1.41865859 -20.60630927  33.68711331   1.11600076
   4.50019146 -27.63404775   7.0910441 ]


[ 11.85969071  18.70725003 -19.07574434 -38.63536872  23.34695391
   0.91682467   0.92569372 -16.52403559  39.52461083  -0.59359003
  -0.05719832 -30.23979748   8.52716302]


[ 11.73114442  21.94366627 -16.47059677 -37.2538271   25.5606198
  -0.11071416  -2.8273876  -17.53062922  34.65473111  -7.82610987
  -0.18016154 -27.70715546   4.68709174]


[ 11.62188914  25.85970848 -11.61785297 -34.43436064  28.47735021
   6.93203616   2.29403798 -19.9337479   34.88093052  -5.08332784
   0.81274178 -29.28789706   2.6854733 ]


[ 11.82106704  27.51062352 -11.20201464 -38.21007741  29.03945867
   8.78791482   3.42478626 -19.98973507  38.85145647  -4.71356188
   2.69561073 -36.01492487  -1.27623144]


[ 11.50887766  24.38001065 -10.3407361  -31.93732705  21.1671536
   4.41132762   0.77785973 -17.67341328  33.93412986  -0.03599657
   1.1621861  -31.93018865   2.48085094]


[ 11.12963807  23.62546182 -13.28323908 -38.70250777  22.42000794
   4.10549068  -2.89925028 -15.91974709  40.13271948  -5.39206303
   3.86302693 -22.19373724  11.85810763]


[ 11.10185289  25.08345349 -11.9516089  -36.64603575  23.30421116
   8.69731124   1.92451662 -13.78539216  36.73306203  -5.98093378
   2.53614037 -25.6036828    4.73071141]


[ 10.94537267  23.64047565 -11.57141833 -34.05149514  16.51930836
   5.47574435  -0.07421301 -16.81581541  30.27620809  -1.43124037
   2.97509415 -24.19652811   1.33242953]


[ 10.87515329  23.90620632 -10.49448157 -34.32330608  17.40337783
   8.80163835  -1.1113168  -12.12994343  34.1195843   -3.9177805
   3.0414174  -20.97276893   6.10190354]


[ 10.88572876  25.49750724  -9.68300373 -34.95325942  18.37783474
   7.98947365  -1.52714714 -11.3945189   37.08712382  -4.53113561
   2.21548279 -19.47422935   6.5279046 ]


[ 10.88949741  25.31931427  -9.20662869 -31.44561133  19.20047216
   5.76687098  -1.41257334 -14.1783894   29.56726964  -7.15867652
  -0.36495914 -24.57913322   4.59910644]


[ 10.63243908  21.64147973  -8.81668779 -22.56839745  23.08419973
   5.58843339  -4.91822274 -21.84038581  16.87091239  -6.98446406
   0.8933367  -21.3536231    2.28719255]


[ 10.53076723  22.83964747  -8.9241283  -25.07997939  28.35878947
   7.08220101  -7.93258366 -28.84807055  17.24289198 -10.66134699
   3.26456438 -15.83423147   5.2454395 ]


[ 10.55556933  23.18295621  -8.27714569 -26.08570879  28.83504786
   9.02329266  -9.22977754 -25.70810383  22.0373879  -11.06270384
   4.23945829 -13.84166937   6.3403368 ]


[ 10.34101593  21.22149167  -8.8579127  -23.68279004  19.05143788
   5.54174743  -4.87759138 -15.48556288  23.59558294   0.36399098
   8.66568203 -16.26451819   4.85829026]


[ 10.31390205  24.36301202  -6.89284437 -27.05675293  19.76186176
   1.01148417 -13.62348068 -14.92688016  33.63877781   0.30859971
  12.49709703 -12.73669741   9.831432  ]


[ 10.18721338  22.32389429  -8.97795989 -26.70288208  15.66669704
  -4.5839699  -15.03904174 -19.0980124   25.83369003  -4.61865652
   4.36612923 -15.09319922   8.94568049]


[ 10.38786643  26.86281342  -3.22504212 -22.66982609  23.14727494
   9.57723877  -5.50647899 -16.55877788  26.25311327  -8.39435391
   1.67350665 -12.87869034  13.58937149]


[ 10.5155815   27.24947072  -2.46785819 -23.20258123  23.38037072
   8.67762989 -10.82213972 -18.2166986   23.92926414 -15.09837576
   0.73634151  -9.41206566  10.75961852]


[ 10.76824027  27.68783039  -0.74274261 -20.74151004  25.79923378
  11.17449799  -9.27483447 -16.20748978  29.8460839   -4.35788945
   9.70889579  -7.70678171  14.10474687]


[ 10.69931582  26.27183155  -1.34672931 -20.30431905  24.3688643
  14.18736382  -2.44758122 -11.07005348  35.17720774  -0.34149677
   3.98195284  -9.84590749  10.93217533]


[ 10.54954923  27.23974812  -0.43362588 -19.61778338  21.92171971
  13.76954063  -0.52081042  -7.40841907  31.94415131  -4.50165917
   1.62625483  -9.09480303  11.38527704]


[ 10.29172388  25.83284505  -1.60701302 -19.68704007  16.41970202
   8.64960833  -4.38745454  -9.24179382  22.43512819 -10.31333612
  -0.349793   -10.09708007  12.15364758]


[ 10.13542237  25.52356591  -3.52221417 -21.48289434  17.35473994
   5.96629621  -3.77724382  -9.62459963  24.75218646  -8.38520592
   1.47666973  -6.51976267  14.61687941]


[  9.76213436  23.36564585  -5.73199178 -22.36204655  20.39087863
   8.20894438  -1.92675221  -9.03000365  28.7475806   -8.08580482
  -2.08691914  -7.43811825   9.40885485]


[ 10.27495078  24.88153087  -4.12374601 -20.38791354  18.50802863
   5.60200864  -0.38288577  -7.67572771  24.15915186 -10.77478839
  -3.22003996  -7.01495065  12.36361663]


[ 10.48701232  27.80151443  -3.54427768 -24.83967108  20.90949547
   7.182886    -2.46324653  -9.82877655  25.13703621 -16.70097904
  -3.2992019   -8.8073189   13.90916906]


[ 10.45696072  26.57055421  -4.32786567 -25.18925972  22.5548994
   9.69548051  -0.65820767  -4.78860895  25.98537963 -22.32243549
  -6.98133966 -12.2899785   14.01189549]


[ 10.396588    26.93727514  -4.95416186 -26.75165839  20.145855
   7.61976479  -1.22792367  -3.24930664  28.41923755 -15.69918044
   0.11736919 -12.18518048  14.08174427]


[ 10.13783967  23.92001078  -7.27027582 -27.19445212  16.26931191
   9.25026373   1.83785984  -4.12674234  28.12328564  -7.59683395
   2.44089384 -10.10654672  10.18842951]


[  9.89193334  23.31442168  -6.39545355 -25.25083808  16.16163797
  12.36156286   2.02742172  -7.20010199  29.55770767   1.47671277
   9.65950286  -5.66930027   7.9440308 ]


[ 9.89869289e+00  2.26346121e+01 -5.48026733e+00 -2.15917214e+01
  1.98356745e+01  1.29115426e+01 -1.77929149e-02 -6.03333495e+00
  2.85618080e+01 -2.53467803e+00  7.78648590e+00 -4.68287786e+00
  1.04090552e+01]


[ 10.3079048   25.09086924  -2.00347984 -19.71862167  20.36344328
  13.53662673  -0.73593337  -2.77736194  31.60608953  -3.42571488
   8.4659856   -0.80226602  12.91603129]


[ 10.43471479  26.63216971  -0.66876405 -19.7606466   20.39184091
  12.71413353  -3.50711087  -5.62615113  28.90844958  -7.38029478
   6.85752911  -0.65180493  14.4298525 ]


[ 10.52073171  26.55495433   0.6838887  -16.56008388  18.73960805
   8.55600401  -5.38243221  -7.69338745  26.72044909  -7.49565527
   2.11625205   0.54804208  13.22074524]


[ 10.23771628  25.17985782  -0.96532484 -16.18043502  17.65087388
   7.36588616  -6.31171827 -14.56061139  16.27751363 -11.58070391
  -1.76454771  -6.9944114    4.40342558]


[ 10.2909119   27.98940238   1.45078573 -18.6401376   16.43795581
   8.3407977  -11.4189338  -17.4698895   19.0908722  -11.30246856
  -0.50362964 -10.37895759   6.84285901]


[ 10.08468566  27.50584298   0.4367164  -20.0705289   15.21012861
  11.63865044  -6.84102419 -16.21031466  18.12047643  -9.68399085
   1.02860679 -11.12886035   8.33720804]


[ 10.15896235  26.1680308   -0.83493049 -18.20923432  15.05097311
   9.79371862  -1.479524   -10.92648318  19.24138275  -7.59769717
   1.45874188  -4.50582722  10.68919645]


[ 10.12524842  26.8225413   -0.15333846 -19.3649139   17.32415716
  11.45306924  -6.17027376 -12.95064774  19.79965    -12.23159491
  -0.21272138  -7.68921269  11.88959396]


[ 10.15730527  26.17175465   0.91258373 -17.68675273  19.12043362
  13.34215763  -8.03239757 -14.46455743  19.25962458 -14.22140945
  -0.88045438  -2.86163483   7.29949813]


[ 10.00878628  25.27838578  -0.99964572 -19.65670963  18.85635038
  10.7123222   -7.60909201 -10.95574542  18.90159914 -20.35485623
  -4.62523253  -5.18231359   5.78419846]


[  9.97644583  24.58983437  -2.38604546 -17.6328926   21.24379427
  10.42368593  -3.50263242  -8.89871337  17.97575014 -17.21603803
  -2.36165954  -9.58243045   3.39079637]


[  9.84641415  24.12623054  -2.73394408 -17.65310992  20.88062701
  10.90783593  -3.24861293 -11.35296454  22.16677673  -8.06260898
   0.827605    -6.31965285   9.17621116]


[  9.96050738  24.92069913  -1.45238924 -15.78944629  21.54441929
  12.39869478  -1.2505095   -9.30480234  22.61598336  -6.35909593
   2.05626144  -8.19672843   7.14603896]


[  9.92730451  25.88162099  -0.96625191 -17.77767433  19.01703005
  12.73453631  -2.08988872 -12.12339382  20.60544622  -7.59740598
   2.7472782   -5.13830044   9.51682355]


[  9.95009102  26.67031212  -1.85718096 -22.85998461  15.30671177
  12.53567411  -1.35148276  -9.14540192  29.05537642  -0.63092156
   8.67633779  -2.58577242  15.12954035]


[  9.85714627  26.76826361  -1.01761138 -22.76044594  12.14823088
  11.34244795  -3.48641878 -11.72519372  27.53245081   0.03191013
   6.03683395  -4.84987936  13.47134848]


[ 10.08659513  26.99362192  -1.17301539 -25.04741061   9.90365497
   8.04009473  -9.78901179 -14.31069062  24.5603823   -2.74233853
   9.38587911  -3.56784764  18.85426617]


[ 10.16032528  26.91818536  -2.09582538 -24.14276386   9.33679906
   2.54053658 -11.4688046  -16.80163051  19.46432514  -4.6315521
   9.04852101  -3.45698769  14.24049647]


[ 10.00626906  25.52557267  -0.57273527 -18.89221717  10.58348703
   4.77513717  -9.72200579 -11.10944339  18.28471823  -6.11807291
   6.35665284  -6.31826478  10.61871039]


[ 10.06746971  25.21668128  -0.70630357 -15.9429875   11.34419681
  -1.0543206  -10.09501179 -14.25823142  17.70331514  -2.2368575
   5.3743895   -6.16870639   1.39553659]


[ 10.23863806  28.50188029   2.91132957 -17.70813656  14.62240003
   4.83727519 -14.68397388 -14.02835044  22.08876698 -10.76462365
   0.14107839  -7.66538451   7.64363354]


[ 10.28352022  28.55585658   3.00528307 -15.09511252  11.68111455
   3.04973715  -8.94202803 -11.12564621  17.6783127   -9.30700734
  -1.86284077 -10.57521158   6.05938037]


[ 10.31168962  28.91453239   2.53323158 -19.34277131   9.59377482
   4.80825646 -10.03045833 -14.73148337  17.9663075  -10.63283044
  -1.96303214  -4.71110241  14.63803181]


[ 10.35017343  27.98902735   1.6229775  -18.4166414    8.41571503
   0.74861105  -9.46275881 -14.88691163  17.64217626  -7.64501197
   1.14669212   1.44793685  14.01173222]


[ 10.26771874  28.126497     0.04358419 -22.91456415  10.74140893
   8.04120569  -6.94397567 -14.66817471  20.65467259  -7.99390246
   5.42902379   0.19673791  11.65471432]


[ 11.07180927  27.5939992   -1.11044401 -20.66361904  10.83404684
   3.29582296  -8.41611743 -28.66476705   3.86576502 -11.14472657
   3.25362121  -7.50314205   9.94273926]


[ 12.81293419  28.4005244   -0.4575357  -22.6492466   -1.25901001
 -12.52872183 -17.70773834 -35.62355838  -4.56275843  -9.83654081
   8.54833739  -0.63360332  18.34832264]


[ 13.90183542  27.37515379   0.48252237 -21.96720968  -8.77981929
 -16.72666303 -15.85684908 -31.83317096  -7.84033393  -9.46509641
   8.34215408   0.97216651  19.00199432]


[ 14.4531775   35.44076238   1.97404427 -30.66495877  -5.45776478
 -17.16571235 -16.94772876 -41.44678601  -2.55301519 -11.71812269
  10.37919532  -3.54265639  22.96418947]


[ 14.48454484  29.69489786   0.08115927 -26.30280597  -8.05887123
 -19.15544156 -20.75920389 -39.09300917  -5.98834017  -8.19031441
  10.73130234  -1.1770449   23.71426162]


[ 14.11655066  31.31766511   0.85940052 -26.50448205  -1.21778605
 -16.47643071 -23.07513218 -43.35454705   1.82683284  -2.77289802
  13.85032189  -1.42419952  20.21753566]


[ 13.63033427  30.95657401   0.46302514 -26.17032319  -0.25640655
 -15.9760103  -22.75681193 -39.13326543   7.96332478  -0.7383349
  10.79910934  -3.06738008  16.84107723]


[ 13.36180117  30.51683189  -1.84496076 -28.80307901   2.22162008
 -16.30567575 -23.3750311  -34.48567771  12.55037464   0.09506918
  20.10665364   3.34303247  20.12873596]


[ 13.01931358  29.67230265  -2.81300644 -28.13985529   3.30658196
 -13.08641818 -17.74629343 -35.2326501    4.78264676  -8.21632609
  11.47158293   2.23104154  21.37007499]


[ 12.90347353  35.09464926  -4.80517146 -39.16973126   8.61337637
  -9.2761909   -9.35751972 -34.61400525   8.06544047 -21.34626003
   7.40961071   0.61933741  27.71502965]


[ 12.63176098  25.5021346   -6.83825159 -31.74185632  -5.79865649
  -8.90662838  -5.1934675  -28.11092246  -5.80032997 -20.65519814
  -2.57097917  -4.26155828  18.48222479]


[ 12.32145891  28.09608084  -6.86889261 -35.01777902  -1.38889466
  -6.51620455  -3.46936107 -24.09454067   3.30015027 -21.6149824
  -2.69611348  -8.58741933  20.27949673]


[ 11.87362793  29.33581021  -7.27542313 -36.09180657   8.37858482
  -3.81033338  -4.59407151 -24.14830437  12.94763282 -18.73733179
  -0.97550221 -12.57172702  21.10959442]


[ 11.75577553  30.83949563  -7.36574908 -38.71065862  15.19283075
   1.4026631   -4.08585863 -24.39175301  18.35229316 -16.91447707
  12.06458046  -3.25539221  18.60307147]


[ 11.47862271  30.59269431  -6.99127688 -36.63701186  16.16005182
   2.72432697  -3.81940375 -25.50147619  13.85132111 -18.03054282
  16.10449806   0.68393689  19.58288195]


[ 11.21904641  29.84930967  -4.9214492  -31.63881842  13.7285822
   4.3576159   -1.3737308  -23.1290227   14.18779946 -12.67563702
  11.67751994  -1.12010183  20.61355091]


[ 10.69147182  27.70482642  -3.5395223  -25.81802825  13.68832328
   0.82302043  -7.83118455 -18.14145957  21.50796825  -8.42390171
   6.23627272  -2.68595916  13.44803446]


[ 10.70295455  24.58306683  -4.4704841  -22.743269    10.3756457
   1.35664549  -5.42550711 -17.01383627  14.31586087  -6.30752514
   7.67210573  -0.32283402  18.5063632 ]


[ 10.49551806  27.23307421  -3.62696785 -28.29976044  10.45853911
   2.63090726  -9.89260453 -17.34956437  25.26750079  -4.45904957
  10.33114977   3.53115262  20.71526062]


[ 10.22514129  25.38931083  -2.88456779 -21.40444068  11.19753709
   5.35854317  -1.75270075  -9.4580026   23.46362084  -1.89657816
   4.7181257   -3.03770705  14.77205231]


[ 10.05722184  25.61261343  -2.498567   -22.16609483  13.5061828
   8.53700864  -2.9118472   -7.78318483  27.96909717  -2.04571778
   3.79085621  -7.61224702   9.83000988]


[  9.94614609  25.62670198  -2.03132336 -22.22871525  14.04637707
  12.4876119   -1.42334278  -9.07689414  27.83498002  -0.98746027
   4.27996554  -7.3709957    9.2237445 ]


[  9.99219883  25.67579546  -0.50997324 -18.91685652  13.10235655
   9.5689646   -4.25932321 -11.38735626  26.33348071   1.55481698
   5.47556227  -3.51684387   7.53174252]


[ 10.00442599  26.34536296   0.56995342 -18.30912203   9.48948822
   9.77538529  -2.45632712  -9.31877598  22.10649229   0.87430768
   7.61148623  -3.13705446  10.28156344]


[ 10.05681259  26.18062634  -0.68408306 -20.43550116   6.12755154
   5.2741071   -1.68269296  -7.84293968  25.22394135   4.03610276
   6.06829158  -7.31723048   3.81908501]


[ 1.03596587e+01  2.79141163e+01 -1.98252855e-02 -2.12335872e+01
  4.33843872e+00 -3.11750767e+00 -6.18781365e+00 -9.97386878e+00
  2.39326738e+01  1.13635058e+00  6.78572209e+00 -6.04286917e+00
 -2.48251574e-01]


[ 10.51292638  26.29530515   0.1780784  -19.91630949   0.59154596
  -2.73781284  -4.30474008  -6.55230178  24.44205929   6.97816525
  12.14537959  -1.99605364   1.05950949]


[ 10.73466155  27.37690658   0.29605776 -23.6189985   -0.23411247
  -3.60177917  -8.55446578  -7.07748375  31.20275865   7.40665598
  11.91240012  -4.44668095   1.82115413]


[ 10.90069513  27.82010883   1.45341245 -23.17345062   4.36100891
   3.21497714  -7.18004643  -2.75360432  39.58739422  10.48142343
  12.54421126 -10.91702168  -2.88271008]


[ 1.07670267e+01  2.71150171e+01  3.18456332e-02 -2.07919415e+01
  5.26580906e+00  9.24683810e-01 -2.43963806e+00 -4.24077795e+00
  3.38124063e+01  1.29999589e+01  1.34467938e+01 -1.09576568e+01
 -3.40639756e+00]


[ 10.49299889  26.1494387   -1.44968289 -22.03798318   8.43483407
   2.29053458  -6.12628188  -5.31180829  36.43681405  12.5663063
  14.74807452  -9.02664365  -0.09417473]


[ 10.27968988  25.51471988  -1.7431778  -21.90358698   7.14345857
   1.18077434  -7.11285675  -6.44537995  33.34760594   8.27243101
  10.36440702  -6.96933717  -0.04463031]


[ 10.15153546  26.16130836  -0.13447555 -19.01675057   9.25526787
   3.38269075  -5.9057562   -7.80946981  29.31545086   4.91201133
   3.96663405 -12.36616466   0.54415039]


[  9.93639755  26.65413565  -0.45972078 -21.98345686   9.53116289
   7.82388769  -5.06391589 -10.16314954  25.12872957  -2.67218951
   1.09685833  -9.92405523  12.26057961]


[  9.8429037   24.7209581   -2.20037613 -19.64419338   9.80503255
   7.17055989  -0.98093556  -9.09968906  21.59682194   1.09379551
   5.69092879  -7.3175894   14.74489898]


[  9.85979397  26.25685591  -0.74952799 -22.19340109  11.14180062
  12.81598346  -1.02551466  -9.33130297  28.15911851   2.59173512
   5.27252568  -9.86890955  13.44944941]


[ 10.08733527  27.73590942   1.6212327  -19.62661054  14.05758826
  14.92373493  -1.02814279  -8.13143399  28.29232286  -1.90577644
   0.82292587 -10.35407868  11.06050683]


[ 1.01829746e+01  2.78050172e+01  2.40247558e+00 -1.63215384e+01
  1.82951868e+01  1.32482110e+01 -3.73721724e+00 -1.08690390e+01
  2.86688274e+01 -1.71170816e-02  1.37540089e+00 -1.33826708e+01
  7.32691875e+00]


[ 10.10038624  26.16904662   2.84767377 -12.9739544   15.17235172
  10.25269623  -7.06735991 -12.34536332  24.44480959   3.2260153
   5.57122244 -10.09635328   3.80214836]


[  9.86773569  25.9175806    1.72651169 -16.71460252  13.89382562
  10.86568977 -10.37369785 -16.42231814  22.94164865   0.1261791
   4.81654518  -9.01487788   7.4838339 ]


[  9.70241459  25.28624097   1.061635   -14.65685841  13.93977167
   9.65679438  -5.98373245 -16.11794501  18.5068673   -0.45571168
   3.80042295  -5.32963499   8.90577785]


[  9.70258418  25.64769366   0.83783878 -17.54143723  14.23212073
  16.00612904  -2.69044474 -12.76496366  21.87820679  -1.45061224
   3.05011141  -9.90415569   9.54054895]


[ 10.03947347  24.22530886  -4.08470201 -21.48938413  14.2187537
  11.18254957   2.81960353  -8.92918103  23.1355183   -0.29368625
   8.41785993  -2.24296683   8.57669937]


[ 10.17049282  24.21716858  -6.39424707 -25.34013765  18.66649623
   6.71113502  -4.79532033 -12.21797901  24.96997767  -5.30433441
  11.75342216  -2.02229212  15.21288   ]


[ 11.54638903  22.41285443  -8.16822269 -25.20011402  11.23065926
   1.19519183  -5.66626214 -24.52447355   6.93696958  -7.80913785
  11.75393848   3.7251962   20.29968713]


[ 12.85863221  34.41831458 -10.93051024 -49.90662489  17.71304595
 -10.4174028  -11.83363921 -25.8627845   22.60807188 -27.06001344
  20.85538312   8.86868693  25.24741075]


[ 13.4361916   33.28757838 -11.05395896 -47.30921446  10.96894981
 -12.46848129 -11.04798785 -30.82268122  18.86726896 -18.73535933
  16.33642578   8.01834656  30.10831402]


[ 1.39339270e+01  2.87508368e+01 -8.73367897e+00 -3.76092074e+01
 -3.21017664e-02 -1.60630350e+01 -1.53240644e+01 -3.10861475e+01
  1.16970446e+01 -1.09961305e+01  8.79803199e+00  1.44069411e+00
  3.08848006e+01]


[ 14.23924132  28.02717807  -7.58107222 -32.55523376   0.79084823
 -20.07804126 -17.96421697 -29.79637805   9.85863613 -11.39240948
   8.45423132   7.52541304  31.15903328]


[ 14.56391226  32.14592086  -6.18985468 -34.64842786  10.85751074
 -23.61514692 -23.09824259 -32.27191544  22.51337096 -10.0470776
  10.71533409   8.2198464   33.62170229]


[ 14.8513729   30.96475366  -5.91051412 -31.90947866  11.39280834
 -26.25104554 -27.21195185 -33.10478911  20.6357622  -11.67516522
   9.1791867    7.05760461  25.97647963]


[ 15.22443731  30.38483239  -6.22368682 -30.58868572  12.34512724
 -28.55797369 -27.27751494 -31.71447491  20.03478495 -12.44517409
   9.24156351   7.70967741  26.06761532]


[ 15.48015785  27.22689298 -10.86661426 -33.44908359  10.69732638
 -32.84802515 -26.69497786 -32.74299943  14.85108185 -17.29645174
   6.96329452   9.36033395  26.6093079 ]


[ 15.72913609  27.8462466  -12.62479127 -37.76611705  18.82611466
 -28.64565079 -22.940729   -34.95989786  16.8097648  -22.77419649
   8.46974354   8.97778426  29.30638604]


[ 15.92606931  30.56464056 -15.55841917 -44.98862239  28.75547552
 -28.60660218 -20.49991806 -39.94123675  15.58240419 -33.61546713
  11.30465038  10.64636954  30.03439373]


[ 16.01756387  26.15680468 -14.63094088 -39.19666157  23.41714212
 -17.953393   -19.56406505 -42.48347847   6.0669102  -29.30781702
  11.31107102  14.30998621  33.05911777]


[ 16.02332834  23.7090347  -15.01739911 -36.34541663  18.18482357
 -14.20163887 -17.67315828 -46.03575293  -5.14845965 -28.65898457
  10.15520572  13.40270448  30.89212947]


[ 15.94629111  34.04278481 -13.52047813 -44.94133379  29.94802147
 -16.30903595 -10.1041964  -47.26565381   1.17951676 -35.29797354
  21.55277757  17.22534229  30.53627004]


[ 15.80998172  20.79373328 -13.65096806 -34.22108444   8.52547594
  -9.0967909  -13.90720208 -47.26624552 -15.26346648 -25.03804251
  16.08670384  14.83669672  26.98054306]


[ 15.72254357  24.72838941 -12.42223994 -37.73796811  13.41682316
  -7.20348231 -11.91096238 -47.82766007  -9.66628694 -26.71485188
  17.73746418  14.0448711   27.6053239 ]


[ 15.74269222  26.98189384 -12.77609421 -40.90570225  11.12518944
 -10.32894699 -10.68044937 -46.1479583   -7.19157794 -25.73150988
  18.55573104  14.0741768   30.4000146 ]


[ 15.84073604  25.45027232 -11.95082695 -38.61505881   6.11434286
 -10.18923192 -11.53464707 -47.19735349  -8.41201958 -18.71630867
  19.71085038   9.28459374  26.17008936]


[ 15.83121475  35.35912652  -9.76325238 -45.98638452  19.13837724
 -10.60196536  -9.59056079 -54.95284142  -2.78399385 -28.18376885
  17.79671583   2.75206207  27.77497249]


[ 15.54181925  28.69114293 -10.27100907 -36.65667153  12.98009707
 -12.14752493 -14.7541009  -47.90803902  -1.91947644 -17.43686653
  15.21168788   2.54968879  26.15104323]


[ 1.52869989e+01  3.02951320e+01 -1.03692413e+01 -3.70914062e+01
  1.40276443e+01 -1.87892786e+01 -1.77857583e+01 -4.70928251e+01
  3.44123312e+00 -1.64102821e+01  1.25386075e+01  2.57549050e-02
  2.65015640e+01]


[ 15.18015722  26.29280389 -10.25499397 -35.03190665  11.07732776
 -17.21517758 -21.80273462 -46.28302665   2.11961756 -17.80217659
   7.77913023  -0.25293049  27.32744835]


[ 15.10560386  25.67884595  -8.2980628  -30.31817161  12.1055183
 -17.89840755 -22.34395701 -41.57841102   4.0692554  -17.6629887
   7.1148228    5.58165371  28.26729419]


[ 14.99126914  27.54055526  -8.30132809 -29.80462923  21.25841201
 -21.62035776 -23.48782164 -39.95624171   8.66594644 -24.45154802
   3.46591875   3.64792003  29.30339201]


[ 14.91293561  33.08821542  -8.74103169 -36.01720889  32.43788514
 -22.64134907 -24.96643513 -44.79467835  17.89944454 -23.55583512
  11.68076765   2.4600824   25.12558474]


[ 14.91364731  22.1619523   -8.17849479 -23.24985966  13.58230929
 -16.14144097 -27.14981108 -44.42904295   2.2370686   -9.69452339
   5.95849165  -2.92555219  20.99757457]


[ 15.00530104  34.83410211  -8.19545246 -40.95324377  27.8149278
 -19.67092866 -31.74662659 -54.97755787  12.63766462 -24.94564273
  12.6565767   -3.17344798  20.71518297]


[ 1.50578295e+01  4.08468281e+01 -7.11518621e+00 -4.27125671e+01
  3.90219198e+01 -1.65915327e+01 -2.15065693e+01 -5.33507590e+01
  1.20475732e+01 -3.07406373e+01  1.95067400e+01 -1.04050095e-02
  2.32735865e+01]


[ 15.10573278  26.34923944  -8.30124641 -30.32820328  15.6233442
  -2.48139059 -13.47653753 -50.63613433  -8.91253037 -18.01069657
  10.56977137  -1.21340099  26.47361266]


[ 15.40084012  24.85278359  -9.81891073 -31.24315979  14.59536031
   1.63831291  -7.33087261 -50.55500537 -15.2099129  -21.45972348
  12.41492199   2.17487869  27.88012507]


[ 15.74696395  32.18840269 -14.93335072 -48.33871815  24.79687053
  -7.41398428  -6.66590416 -56.34285761  -8.46659379 -38.90933214
  14.11770707   6.09724026  31.09340295]


[ 15.86203099  31.94600577 -12.79876664 -45.03118102  24.52462936
  -1.92655113  -4.34054883 -52.73964439  -6.28735094 -33.92404008
  14.83798493   3.64167129  30.2276776 ]


[ 15.72662701  24.68632373 -12.83455512 -36.4422442   15.80129647
   1.71513214  -4.11190434 -50.09203437 -16.87800428 -31.31575822
   7.64685084   1.25609378  27.59863391]


[ 15.46663129  28.15159206  -9.7827711  -35.63228648  19.67884955
   2.6225963   -4.10694434 -48.68260646  -8.8882933  -26.1023024
   7.17330108  -2.43164682  29.02317051]


[ 15.17726635  33.54825568 -11.53509828 -42.4413722   27.54459735
  -8.07838752  -6.22668148 -47.28939461   0.28518489 -33.54502839
   5.1795519   -5.41078161  26.54345033]


[ 15.10306061  26.78757898  -8.66515052 -29.38975709  17.79422284
  -2.56330152  -6.34845496 -39.47713356  -5.76667577 -25.81605707
  -0.12469714  -5.7519742   24.79929346]


[ 14.98895906  39.62906036  -9.05497251 -45.70041401  33.88315729
  -9.5967853   -7.85198386 -44.96298275   5.22515743 -43.62330821
   4.02158366  -6.26633875  28.02837177]


[ 14.90925501  29.03560019  -8.12619156 -33.80719869  11.56119103
  -6.39027163  -9.08821158 -42.40685293  -6.24518078 -27.55311762
  -2.59757691  -6.84265352  28.60047961]


[ 14.78177281  26.2907219   -5.97855962 -26.45961449   9.32735439
  -3.02212384  -7.72486501 -34.71428995  -9.9721257  -29.55059515
  -5.58608368  -3.24067739  26.63957756]


[ 14.6157031   27.40464621  -6.00398819 -28.43951937   9.58784025
  -6.28057412 -10.58188334 -35.18829815  -8.24235851 -34.31578047
  -9.86423066  -4.14561673  26.5074139 ]


[ 14.36058845  24.07549225  -6.53766435 -22.4049546   11.52916454
  -7.33966651 -11.47483678 -32.45370548  -7.9008435  -31.52896107
 -15.06451839  -8.05613701  19.68383593]


[ 14.43455025  34.85670939  -7.63946439 -35.78001686  31.78112459
  -9.47634636 -10.87921099 -40.82023645   4.2526379  -38.51298675
  -5.27294192 -14.27955303  18.97081746]


[ 14.66866167  26.9554348   -8.54290043 -29.31987838  22.56633628
  -7.19287804 -15.46727773 -45.9417273   -7.63183423 -34.84213395
  -7.82305546  -9.65761109  18.83891537]


[ 14.77606327  27.40161658  -7.76058261 -28.59452302  23.33441972
  -7.21553751 -17.53766093 -49.86207176  -8.15154852 -29.47128935
  -0.7651943   -9.34059171  14.87413993]


[ 14.81143051  31.02569314  -7.24191807 -30.40559513  31.66126998
  -5.11417014 -12.07469804 -49.2295832   -3.33353651 -30.86481035
   1.7684437  -10.5153151   13.34916506]


[ 14.88105495  32.37265743  -7.99613201 -32.88867833  34.43056299
  -7.70080072 -12.90271637 -53.19147531  -4.88294901 -33.96781928
   5.10554338  -8.36931474  13.14551202]


[ 14.84960637  32.96513991  -8.25107018 -36.45383151  32.80480632
  -8.39902444 -17.04945225 -54.86701367  -1.4206028  -34.04410799
   5.02040478  -9.36601625  11.29208388]


[ 14.65272673  26.71376474  -8.28721218 -29.06898901  21.93189754
  -3.78857524 -15.36957012 -49.45077211  -6.16711437 -24.57054838
   2.22673547  -9.06656411  10.21702134]


[ 14.50191202  21.83046064 -10.86491739 -26.18076764  18.85628019
  -4.87243885 -16.16428609 -47.26433537 -13.11671437 -28.40848339
  -1.77128983  -7.99922769   9.70926623]


[ 14.40050914  25.89261514  -9.95744682 -29.13054281  21.10185788
  -7.15436444 -13.80628509 -43.63432149  -8.74636367 -32.62319212
  -1.63373621  -4.37517257  15.13464012]


[ 14.34487063  36.18134088 -11.11457678 -42.45596354  37.36035129
 -17.7658149  -19.71037141 -47.89893527   4.61015184 -47.46282759
   3.91416505   1.52882794  13.75359479]


[ 14.27558623  32.72319469  -8.3085169  -31.54996302  35.60696227
 -13.5699672  -16.23689973 -44.61114625   4.08056706 -37.06115629
  -1.51929088  -1.8719134   17.37869924]


[ 14.19273937  26.12175683 -10.12770786 -26.48633802  29.23666391
 -11.22390197 -15.5808851  -42.14396222  -3.46260488 -34.05436586
  -4.1107737   -1.97902837  21.65606775]


[ 14.15160133  31.94752483 -15.61493562 -38.61259702  41.00751662
 -26.15347842 -16.30023468 -42.98013753   6.4708091  -42.36725642
   0.27439972  -4.17209842  20.73843873]


[ 14.18250323  31.68072843 -13.55592672 -37.98314608  41.17588943
 -23.77888005 -19.93161611 -42.03188252  12.8582657  -42.21750922
  -2.72637661  -4.46292403  21.56306416]


[ 14.18148056  27.23761308 -13.27751994 -34.01403435  31.27380122
 -18.79555054 -18.89389643 -40.61978494   6.57738961 -37.66962677
  -6.78314288  -3.36341076  21.67204064]


[ 14.21161981  32.74428125 -13.57201955 -39.08697036  39.32246063
 -22.67720413 -16.90195087 -40.61732647  14.09636319 -36.93305459
   2.16810069  -3.71473957  19.84438429]


[ 14.25542631  26.31469614 -13.15831684 -29.38999387  37.41741293
 -17.33023358 -16.04077372 -39.38477613   8.22805257 -31.48954612
  -1.27316859  -4.66253041  22.92299414]


[ 14.32977969  26.11681295 -13.23620558 -30.21008045  36.37030225
 -18.84861923 -19.12852811 -41.50590868   8.11695422 -30.64569306
   1.77719285  -1.36832206  21.70786458]


[ 14.2767043   27.0988369  -14.85685592 -33.86349841  38.54536586
 -22.68123302 -22.24011577 -46.73295519   7.64287971 -33.70068635
   3.1504641   -1.92509181  20.28033953]


[ 14.36677026  21.45750987 -13.51647547 -26.02665922  36.43220072
 -13.62060686 -21.69846144 -45.93652245   6.24784633 -25.92629225
   0.97734585  -3.15164931  21.06892831]


[ 14.43156644  16.54968528 -13.91222477 -23.16870361  30.24151569
 -14.2078276  -24.46893447 -46.597726     5.15780741 -19.88315738
  -0.89677079  -6.89826212  24.6495012 ]


[ 14.60361804  19.03339858 -14.58215187 -28.28121888  30.39364327
 -17.33981099 -24.93804576 -49.27028971   6.81692505 -21.3017334
   0.29215318 -10.7697691   20.92562792]


[ 14.48046076  24.45833059 -12.5003408  -28.95457979  37.9324428
 -17.18063131 -20.95077989 -48.35447464   9.48526338 -24.15229124
   3.28009138  -7.86911062  22.19920654]


[ 14.31939815  28.79834012 -13.36287669 -35.18197184  40.63939694
 -22.01052003 -22.60371422 -47.73564236  14.09928965 -30.30912572
   4.32399959  -5.08834108  18.76129225]


[ 14.31611395  27.4491837  -13.45992539 -36.01520775  36.83907442
 -22.45861683 -28.15065029 -48.45815791  13.98096988 -30.82751954
   2.27999032  -8.67327951  15.92395756]


[ 14.24734059  25.7737248  -13.73162478 -33.19180603  33.43578048
 -25.37187737 -27.83492962 -48.81756297  10.96033666 -29.60403274
  -3.86917926 -12.95578157  14.70697393]


[ 14.13840727  31.26027537 -13.63773086 -38.72004135  42.52595542
 -24.28935512 -20.33469796 -48.67935813  14.86392778 -35.45593609
  -0.57853521 -15.63867277  19.36239497]


[ 14.24673073  22.9224431  -14.54256127 -32.92702407  28.81692388
 -20.45830921 -23.4637013  -49.58714155   7.1406735  -23.56675509
  -0.59585282 -13.49113089  19.07715363]


[ 14.38442253  27.4800068  -14.80048289 -37.40345009  37.2353354
 -28.25557018 -28.20370489 -51.13288785  13.89034615 -28.43548789
   5.32847523 -10.03751785  22.20202993]


[ 14.25865242  27.21065658 -11.29059407 -31.66000902  34.0970848
 -26.63674301 -28.91644226 -48.52451327  16.94083539 -24.08181671
  -1.80698329 -15.13033589  20.66748504]


[ 14.29712448  30.79320172 -10.78890524 -34.36985936  40.87017077
 -29.61461374 -28.55988133 -48.6725748   21.7703918  -29.18623907
  -4.82219213 -24.89246475  18.59777335]


[ 14.52867127  25.07995097 -10.62079927 -29.93497694  33.75083948
 -21.30080117 -29.51372865 -48.40197738  19.00034582 -22.84637687
  -7.47813258 -25.57731631  17.96893544]


[ 14.88614404  25.76555787 -12.49451494 -30.89126323  35.98795124
 -29.18939953 -28.62220277 -47.54203172  23.15560199 -19.35985649
  -5.71851799 -28.69054895  14.6942674 ]


[ 14.91646559  21.94232676 -12.46928571 -30.44455329  25.45866444
 -28.64203116 -35.33237693 -50.38823929  18.50865447 -18.9042851
  -9.59663572 -28.59190759  16.4056621 ]


[ 14.77627732  22.03929613  -9.61423938 -23.20491965  28.62745422
 -19.19155792 -27.39790629 -45.08945152  16.82161426 -12.41757245
  -3.67698114 -22.21956791  18.08632939]


[ 14.57344446  22.49295782 -10.29172378 -27.26977674  24.57359187
 -20.01725146 -29.79795006 -48.18413008  13.50939479 -17.10505399
  -6.65391922 -23.33477533  15.12416896]


[ 14.42620602  28.45258666 -11.14125266 -30.47180692  39.64895761
 -26.20966172 -24.88363766 -44.26508952  22.18197544 -22.3586007
  -0.48087869 -18.60651327  12.38354887]


[ 14.55779999  20.09280303 -13.16838125 -28.12743475  27.35669568
 -27.02866851 -33.13210308 -48.29796573  13.19175048 -21.07494729
  -6.09688929 -18.51531264  12.95296507]


[ 14.65136237  29.07533217 -12.55797992 -35.64351991  42.3861692
 -27.0689356  -26.39777077 -46.718455    24.65971604 -27.1627045
   0.5570872  -17.09153192  14.60266062]


[ 14.71042778  25.98686602 -12.65338942 -32.4109228   36.67726071
 -27.31301498 -30.66827236 -48.85828094  19.69313535 -23.78253934
   0.74590306 -15.53468755  17.29631599]


[ 14.84768731  22.80377227 -13.09479752 -29.25446082  31.85943558
 -26.89126634 -32.63382436 -51.15665751  15.79542455 -18.80229645
  -0.18562402 -15.75599191  17.16260905]


[ 14.91647862  27.41552971 -13.45382043 -33.50368985  41.01480015
 -31.1243715  -30.74945658 -50.09287828  21.6668006  -24.19115085
   2.80025017 -15.69181548  13.3743539 ]


[ 14.80057565  20.54578602 -14.86731827 -29.68022248  28.19322133
 -29.45542865 -32.55726884 -47.08736751  12.86127832 -22.88696579
  -5.24162933 -17.16853367  12.34236927]


[ 14.74909834  28.97917735 -12.33427426 -34.22598905  42.95667891
 -27.04819036 -28.2963192  -47.10564691  21.15370318 -28.70459885
   2.93773038 -12.81473012  10.36126452]


[ 14.85866305  31.84816416 -12.59902307 -38.66226433  44.97987638
 -27.80824853 -29.66524558 -55.88312363  18.26262415 -31.77822733
   1.39008983 -21.23699802   9.42313476]


[ 14.84952932  27.33663533 -12.18778581 -28.49576358  45.396915
 -24.26796246 -24.44664824 -51.03308965  14.576181   -26.57747975
  -4.64929246 -24.50386269  12.65710033]


[ 15.09803922  17.85196645 -12.94839333 -22.34810211  33.11701775
 -20.80726036 -28.90852959 -45.27214546  12.90262263 -22.66433954
 -13.09202002 -25.45801197  11.64207991]


[ 15.20584141  19.03429517 -13.66422875 -25.12129667  36.65057338
 -22.12587888 -31.39310299 -49.32161983  14.39822675 -23.79315271
  -9.10070414 -22.01163949  13.57049774]


[ 15.17346022  23.14421661 -14.92417417 -30.03481231  41.01066751
 -28.20764592 -31.3661818  -53.51892813  15.88737572 -25.79966507
  -5.00274723 -21.97825151  11.92489592]


[ 15.16000433  20.96012445 -13.91833107 -27.3440333   39.16506177
 -27.32393305 -30.24196565 -49.0562927   16.79067047 -25.16148296
  -7.14936536 -22.87980091  15.22834775]


[ 14.92452911  31.2673661  -14.18194309 -34.91371112  56.74824767
 -33.25080552 -24.64587968 -45.00437555  22.42593699 -41.64875795
  -0.10893623 -12.29808877  11.63864778]


[ 14.86998895  28.29665306 -15.65998296 -31.37934361  52.26180693
 -32.28243445 -19.60226515 -43.39652813  19.18849079 -33.94861837
  -3.19633377 -13.73992219  10.68563576]


[ 15.00112995  22.38540551 -14.4043932  -28.25718954  43.78693878
 -25.28955415 -30.94975    -46.94564015  17.05750402 -30.63268292
  -5.80463111 -18.99466383   8.4060899 ]


[ 15.11509125  21.0768174  -13.56300217 -25.68774859  41.1637245
 -20.32334522 -29.70089171 -48.69373075  15.59079544 -23.44665293
  -5.07413287 -23.5171977    5.82140141]


[ 15.01305103  24.51144383 -14.88540592 -29.84386926  45.04875847
 -25.81029618 -28.87678506 -52.64341192  15.177376   -26.59502712
  -2.55361369 -21.82270463   7.18671966]


[ 14.90585834  18.85225501 -15.50145671 -27.25977331  30.26528053
 -23.54208625 -32.38357818 -52.57535021   5.8726026  -23.7180652
  -6.17627475 -21.95552511   6.86021555]


[ 15.19989808  25.31540913 -16.19927274 -35.43658288  44.86098919
 -27.29600457 -29.32004567 -50.45819408  21.30810195 -29.53556789
  -1.76441098 -20.40284908  10.72797635]


[ 15.38250256  19.4328438  -15.05771452 -26.39039111  38.06930882
 -20.65271198 -27.33324287 -48.88339065  15.07941402 -20.12192785
  -4.22594755 -21.43792599  12.90116656]


[ 15.09841866  21.48846898 -15.45017421 -28.65403091  46.90944058
 -23.51793715 -29.68454599 -47.63584393  18.86763888 -28.01527129
   0.17361121 -11.70646566  12.71077932]


[ 15.24598202  20.76623402 -20.19642607 -33.65724099  45.54107504
 -32.56805213 -30.64809801 -51.31448254  16.10721901 -29.53627982
   1.09322364 -11.51548562  14.08537555]


[ 15.08445767  20.63130141 -17.25556769 -29.6677954   46.25213665
 -28.04872557 -27.88730226 -41.00971419  23.35079306 -26.32616441
   4.04795177  -6.64219197  14.90937902]


[ 14.8967812    8.58376934 -16.88972839 -19.35869843  22.30502107
 -24.89462799 -33.60723506 -39.54727505   8.9207342  -18.60233762
  -9.31065367 -10.66274049  15.11043265]


[ 15.16421382  18.33597978 -17.29721974 -28.26222563  40.43747449
 -26.64440647 -27.48639057 -41.21885851  19.65115903 -26.50789697
  -3.35190003 -11.01629088  16.74259164]


[ 15.19806912  12.95809597 -17.72268682 -22.66318138  32.03116297
 -29.00544718 -30.77985227 -39.50664441  13.12262234 -24.40981694
  -7.2145639  -11.52644777  15.65892845]


[ 15.25035267  18.60448875 -17.01622195 -26.23095315  45.63277532
 -32.04025546 -27.37197044 -36.61855232  23.31210698 -30.35581076
  -3.7021068   -7.22469232  13.89944137]


[ 15.21716692  18.83259829 -17.1895912  -27.52820605  51.21241355
 -35.20312477 -31.18006587 -38.01770724  18.60114521 -45.45072733
  -3.80907376  -1.5643369   12.98506751]


[ 15.18776093  17.70785709 -18.55564309 -26.95745962  47.83229818
 -32.96930973 -31.47041798 -43.75519184  13.50415956 -39.59431867
  -4.97090127  -6.29303313  14.16456078]


[ 15.04864044  13.99753075 -17.48513521 -20.58160692  43.24271489
 -30.36320454 -33.07676114 -44.99432753  11.18640566 -29.47660443
  -3.64912159  -7.90402016  14.75393701]


[ 14.82305644  16.93346217 -19.15745869 -28.39653495  41.78348919
 -32.2303567  -35.25754321 -51.70601764  13.22552046 -28.22615307
  -2.85677601 -13.14614186  11.74559996]


[ 14.85520807  25.85067994 -18.28593289 -34.49748358  59.67266475
 -37.91548984 -29.73432298 -45.40629725  28.55020982 -36.34504036
   2.78928957 -12.46255229  10.94796176]


[ 14.93766819  24.88286463 -20.50526329 -35.5225971   55.4241211
 -38.22864686 -25.19797778 -45.15088129  26.28837901 -30.56735307
   3.62264518 -10.51330694  11.97589629]


[ 14.92341846  23.0806053  -17.42195447 -31.95214443  49.96982363
 -32.58743146 -27.86733071 -39.47755845  28.84736981 -28.13760139
   2.56114558 -11.7281546   12.05999884]


[ 15.05147135  27.77799417 -18.29413732 -38.53032389  58.73997174
 -35.05226179 -26.98274818 -39.91845928  32.40785303 -38.7628378
   5.22643062  -9.50597655   8.78680495]


[ 15.14741686  28.36977076 -18.60064036 -40.64234224  60.88431647
 -38.75621679 -30.72016634 -39.83867033  34.4831818  -42.77698072
   5.29063629 -14.87893869   8.47180247]


[ 15.27269647  18.04272603 -16.21748127 -26.48036838  40.91607408
 -27.60108395 -25.99875311 -33.51549344  28.72038729 -21.48079444
  -4.02173422 -15.76465421   9.33977163]


[ 15.32548811  17.99734114 -16.19819782 -26.80168466  34.33743878
 -30.21040984 -28.85297854 -38.70514536  23.35122097 -17.02956479
  -1.24294466 -15.17344501  11.67336745]


[ 15.49847398  28.46923322 -21.18657935 -42.91870134  53.21460929
 -42.32435217 -26.23987519 -46.56035837  30.1904234  -30.84562629
   7.72567873 -12.14627585  11.31001877]


[ 15.50719147  20.2983014  -18.58527988 -32.85039047  41.8898006
 -29.54740028 -29.3166002  -46.89526889  22.52147989 -21.55410155
   4.40613811 -11.48588863  13.38709589]


[ 15.3910457   17.63971069 -19.1728844  -31.87111802  34.62033312
 -30.72801302 -31.3754261  -46.05552378  20.50337995 -18.01388822
   1.36193347 -14.46950031  12.50042321]


[ 15.29002729  20.73353923 -19.09713713 -36.23389351  34.77054062
 -33.77410919 -31.77252364 -46.21255276  22.65427582 -23.62765974
  -1.2970206  -15.21230296  13.72439035]


[ 15.34087199  23.11285164 -17.02049895 -32.90258032  42.98192459
 -35.97021243 -30.6274197  -43.17513062  28.58555868 -22.18771609
   2.72088311 -12.94049416  14.04945606]


[ 15.21934574  22.34452505 -16.90856617 -34.86790097  38.07194827
 -34.21042465 -34.30759858 -43.05832608  25.81631903 -25.59462892
   2.55271322 -10.61254051  11.73548368]


[ 15.18491792  23.87526847 -16.85510028 -33.62157444  41.73516404
 -32.8515876  -25.57534129 -34.70410315  29.02807125 -24.2894098
   6.55328764  -4.38393363  14.54506265]


[ 15.17540696  16.29804294 -17.00562902 -25.78022816  29.3126919
 -25.40280399 -24.42283714 -33.60447671  18.08646553 -16.96858118
   1.31338496  -3.9954161   16.34497975]


[ 15.24643932  17.13713978 -18.11879087 -29.38214731  32.72613812
 -27.46640879 -25.1156443  -34.2014372   20.40946856 -23.40852557
  -0.9761543   -3.78782574  19.63265915]


[ 15.19786276  18.32475542 -16.95760724 -28.38094118  35.65692598
 -27.18684878 -25.47222389 -34.95675122  20.55441984 -27.21483914
  -4.48229062  -5.26572216  19.91985531]


[ 15.13035971  17.21749849 -17.56928026 -27.96853629  33.45663385
 -25.28623124 -24.82126542 -34.99716207  16.33903748 -28.62693473
  -5.61049875  -5.00184667  19.50347804]


[ 15.07301836  23.18511782 -17.25682283 -33.74854547  42.15450526
 -25.6230199  -22.82923624 -35.38463651  24.97803982 -29.05000687
   2.21983667  -1.10177594  17.99775726]


[ 15.01682968  23.57636615 -17.5192873  -33.23165437  44.26227562
 -26.65819772 -24.05852165 -39.05114418  21.33066404 -31.09378392
   1.6020481   -4.82539597  14.41848252]


[ 14.74948385  22.50149918 -16.23782674 -32.00490973  41.13757423
 -26.6021582  -28.79528947 -38.89829107  17.97628443 -35.64163306
  -0.66318645  -1.63605508  13.18853847]


[ 14.6068252   28.40517035 -17.7412704  -39.74825155  47.18006332
 -37.77053697 -30.44972121 -39.55234426  22.89102397 -41.81745714
   5.14082244  -0.68823286  12.04171815]


[ 14.55224503  21.34256041 -15.34350967 -27.26569782  33.91884299
 -30.64911478 -28.16249515 -37.9100292   14.67598573 -26.96784311
  -1.40895247  -5.51524495  11.25931193]


[ 14.50105391  28.59929157 -14.71271652 -36.10037145  45.21774295
 -35.31596921 -31.79740204 -40.43637782  24.49040956 -36.75803253
   2.22232044  -5.99862686  12.0921022 ]


[ 14.41810181  29.64289773 -15.24364476 -36.92512218  47.34878866
 -40.03786146 -34.2448495  -40.99017442  25.57329681 -35.85651678
   9.6224337   -2.10430706  11.41367206]


[ 14.18841733  33.32624567 -12.7067942  -32.83605465  54.21170592
 -40.4853849  -27.12145713 -37.38748924  27.8120073  -33.42338841
  10.50461061  -3.59062757   8.98422908]


[ 14.128308    28.51730673 -11.7325831  -29.56382442  43.69273147
 -34.99233739 -30.91604059 -39.9891218   21.65474609 -33.05166211
  -0.51061976  -6.58545253   8.2271968 ]


[ 14.20051638  24.17249091 -10.09433054 -24.77659172  32.92137941
 -25.0890327  -31.00637707 -40.46072663  18.35985459 -22.23364446
  -2.94593485  -9.40404111  12.1163891 ]


[ 14.33812044  34.07151537 -10.14002903 -35.62455234  45.64179808
 -29.53012904 -30.36968636 -44.46688674  25.73285828 -30.83366851
   6.12520565 -14.47031607   9.55084969]


[ 14.28774387  30.65653535  -7.50949694 -26.63266815  37.03081389
 -23.68484492 -24.94044202 -37.53919935  23.02275396 -20.35896822
   2.80933632 -12.75590578   7.6319393 ]


[ 14.06452474  24.7125815   -8.10745014 -23.15200939  25.33948207
 -22.90555296 -28.76373835 -37.29450012  16.15228632 -17.82095028
  -2.95576577 -13.26768859  10.18344026]


[ 13.832559    24.51700694  -7.90891817 -21.6721993   26.29693329
 -21.79635951 -26.88020507 -36.24126525  15.09311171 -18.97315864
  -5.02422617 -14.4708052    7.75315336]


[ 13.64705879  33.31843656  -7.23326672 -31.28816726  36.35424741
 -24.2395172  -24.74883032 -36.41679619  25.07442731 -26.51543578
  -0.54952558 -13.0792167   10.62727165]


[ 13.56315469  26.91646624  -7.89614279 -25.48251937  26.72583636
 -23.96736235 -27.99882572 -37.00866285  19.20633896 -18.3006488
  -2.49085701 -16.27487255  10.43383616]


[ 13.43726879  23.51272013 -10.13339575 -24.89077915  25.18751371
 -23.90334837 -27.55560443 -38.59664223  16.71963758 -15.71506137
  -2.96201129 -16.11755276  12.14720437]


[ 13.07041453  28.54868699  -7.73123758 -28.97189691  31.27696997
 -18.96054751 -25.90341203 -36.04675488  24.04183021 -19.35979475
   3.2569193  -10.09686356  11.88758269]


[ 12.84838531  28.4285393   -6.57084651 -24.67571991  32.32227654
 -20.32470633 -24.53103138 -35.46497052  21.88820132 -18.40393969
   1.4027599  -10.48376742   9.70122388]


[ 12.69406101  30.90469212  -6.54003033 -29.4957418   40.39803591
 -23.2689873  -32.38310878 -36.92378251  28.97532271 -26.79823507
   2.24040938 -14.16896207   7.44044619]


[ 12.27686516  26.4352307   -5.717622   -21.67004901  34.18044181
 -14.69788477 -26.28825615 -35.80293686  25.20168947 -12.32506935
   2.98526765 -11.48412415   9.68050724]


[ 12.31134391  26.91355608  -6.07811923 -22.03897456  36.59998602
 -17.40860168 -28.66840166 -38.72469841  23.64393655 -15.20932572
   4.1493333   -5.95985229  13.93955321]


[ 12.3002933   28.31250587  -5.65639631 -23.02064304  38.89655511
 -18.40481863 -31.00786919 -37.66635126  22.54324051 -19.49599687
   9.54237522  -2.88363179  15.63404687]


[ 12.0254317   27.97848324  -5.61348288 -21.75763673  38.42540662
 -18.01189253 -28.64937606 -36.34814657  20.79783354 -21.80286759
   5.81788785  -2.70716042  11.38105811]


[ 11.89609705  29.34968825  -5.17114764 -24.31318488  37.11189987
 -17.59915546 -29.853997   -36.90951004  21.32286489 -23.79196639
   5.83868326  -1.30389737  11.74100558]


[ 12.07753449  26.17911427  -5.09436599 -21.57339144  27.43695224
 -17.03212346 -33.11505333 -45.72334984  10.63773193 -17.96895028
   1.1595531   -5.90783781  17.64509009]


[ 12.12263956  31.45010748  -1.76633465 -25.95945032  33.59348618
 -13.6354005  -34.38712232 -40.88477566  22.64775864 -23.32214836
   5.10283455   1.23508574  17.91936004]


[ 11.86550236  28.61746814  -2.7119727  -21.94946675  27.19918314
 -12.91784843 -29.77385495 -37.25954328  15.44675673 -19.21437128
   6.28025694   2.12750297  17.87828668]


[ 11.63950747  26.97361574  -1.99987746 -17.52733923  26.19187655
  -6.42582059 -23.18687587 -32.76548111  15.06578554 -11.94631987
   8.11667408   1.08979663  18.24574315]


[ 11.68471523  28.72474702  -4.69061062 -24.72631806  35.89820187
 -10.95215116 -30.38408231 -39.42464126  19.43975157 -20.77035041
  11.15967642   1.29814017  12.16054175]


[ 11.32673383  27.38006671  -7.3974346  -26.04509973  34.36676567
  -9.07530668 -20.39700873 -32.56192213  20.05185097 -22.09388612
   3.65518305  -3.92730829  11.80327013]


[ 11.10660021  26.50239172  -6.64477181 -23.00864854  32.80779291
  -6.18966515 -15.85284315 -25.44529667  20.12038244 -21.54082613
  -0.51198448 -10.7430685    7.43824481]


[ 11.04595142  26.23468936  -4.01040269 -20.03128001  28.19636685
  -3.79152782 -16.54144456 -24.80548677  21.35046894 -14.19614983
   2.33342248  -4.78102365   9.02796598]


[ 11.07621985  26.96989772  -3.55280735 -20.39736228  26.92135646
  -2.37304    -17.16784334 -29.44237735  17.90698994 -12.38667207
   3.32648832  -8.66740724   9.68681635]


[ 10.98629858  27.8837715   -3.35523192 -21.81497283  25.65291154
  -2.38488481 -16.13005594 -27.28266666  18.65698841 -13.25975712
   2.33380307 -11.00958513   9.29578547]


[ 10.90827464  26.2278007   -6.14235463 -26.01705253  17.93479333
  -5.00685468 -14.4891796  -24.10536911  18.05944347 -15.84833988
  -1.42282808  -8.10365416  14.16528355]


[ 10.8146877   27.82098609  -6.3525129  -29.21285384  17.62220601
  -2.67584884 -11.22833569 -23.0789671   21.68096654 -12.20649116
   3.50599317  -6.06316562  20.66707088]


[ 10.78922742  27.38542843  -6.63020115 -25.7982767   24.50349668
  -3.01725079 -10.24003867 -24.37976324  20.04490219 -14.25896919
   4.04896558  -1.90363549  15.19741443]


[ 10.73863404  27.14739996  -4.75996237 -24.68670966  22.34189315
  -0.11386221 -11.47150817 -20.86658987  20.24744753 -15.88565866
   1.81791536  -0.83359111  16.49977639]


[ 10.58029743  26.9980277   -6.08024798 -29.50468018  20.39473463
   0.03877331 -11.75876991 -17.12261485  23.60361487 -21.05363688
   1.32681275   2.0905764   16.65644377]


[ 10.58582954  25.83615756  -4.72120831 -24.57504571  16.4008014
   2.46224105  -6.69611628 -13.0772936   19.03366348 -16.28887277
   1.48618275  -1.06041139  16.64147464]


[ 10.50192239  26.24936727  -3.74929016 -21.31033533  22.51333108
   8.23959283  -3.01123667 -11.49696778  21.2445269  -11.98909895
   3.57055999  -9.91503292  16.10972117]


[ 10.36106491  26.67515405  -2.20185115 -21.32029759  23.54332915
  12.02387587  -4.02053304 -16.51485652  25.79246745  -7.73779671
   2.41970272  -7.15614942  14.06216508]


[ 10.17563736  25.65504283  -2.42143546 -18.91545557  24.2309006
  11.66284467  -2.70536729 -15.6471918   22.32625914 -11.02393399
  -1.47215352  -5.26640661  13.11660187]


[ 10.19737817  25.99510186  -1.44641124 -15.36072016  24.25869022
   9.44115964   0.27060992 -11.65209203  20.09935562 -12.01522773
  -3.97086729  -8.40387788  12.72575135]


[  9.81768601  23.63896638  -1.2143982  -13.58243594  19.5674873
  11.72798713  -2.14812242 -12.72769307  11.18156257 -14.60927287
  -3.44325343 -11.055141     9.89883933]


[  9.70390187  24.84201299  -2.42221809 -19.5452271   20.20678241
  14.58587935  -3.84527318 -17.1401263   15.78375433 -12.33761152
   0.96338954  -5.44783366  13.44922735]


[  9.95929154  25.91839323  -0.55719324 -18.12383967  21.59086207
  17.73159522  -1.41018736 -14.43155406  18.76607626 -11.17567649
   0.6162199   -4.90138003   9.0257542 ]


[ 10.12220344  26.46119124   0.27968925 -16.45498651  20.44652877
  15.93770838   0.25657184  -9.60819791  22.46131344  -6.9449208
   1.26398842  -8.83123099   4.30558254]


[ 10.13643563  27.35513724   1.6657046  -15.02769847  19.37551927
  15.36703442   1.22765156  -9.85182813  21.78783562  -5.6146386
  -0.1918679   -9.04377185   8.70580879]


[  9.9925801   27.53123928   0.49998441 -16.47223325  17.41337407
   9.34860748   0.57772838  -8.49282895  21.91928605  -6.51348395
  -0.03572478  -6.91633372  14.11246987]


[  9.93655248  25.96564403   0.05689979 -17.02862534  14.98141089
  13.17451696   1.15933865 -10.83776925  19.15427835  -5.1403312
   1.42385532  -3.82997891  15.50360633]


[  9.87750154  25.56761512   0.0848542  -18.08082088  11.47408484
  11.83962484   0.35755731  -5.5663699   20.34585008  -8.59533633
   0.16873863  -1.45048037  18.58578216]


[  9.88418908  26.1730652   -0.27454387 -18.57793467  17.34171414
  15.31058131  -0.07436641  -7.72134455  19.78819648 -12.1367879
   2.03812154  -1.32113633  18.45713048]


[ 10.04826385  27.34123518  -0.03352863 -18.89701513  19.41620212
  12.70282554  -1.20576829  -8.23170201  19.6647068  -15.94827466
   1.24906969   1.09380309  17.24768594]


[  9.98134815  26.42960577  -0.87315675 -20.5403061   15.20618075
  11.71396372  -0.47900767  -8.59113139  16.61029766 -18.54444046
  -0.50499521   3.81023887  15.17325305]


[  9.9277202   25.25948828  -2.04722833 -22.54556454   8.91611546
   9.55868024  -4.14190652 -14.01999199  12.61525866 -13.49901584
   2.00709242  -0.48299962  15.77360243]


[  9.98702315  25.53093628  -2.88035794 -23.13390561  10.23172849
   6.69052505  -7.49031383 -17.86295603  13.3884592   -9.32459814
   6.8469583   -2.41590613  17.81555844]


[ 10.28261083  26.75906577  -1.74801173 -23.16427879  10.24142856
   5.0494042  -11.44150909 -27.58877135  10.83985668  -5.45809693
   4.91981896  -9.92815579  14.47613507]


[ 10.35721636  27.94332475  -0.33759318 -22.02374067  13.08673026
   5.23713752 -15.85774681 -30.58917042   9.60290121  -6.8727023
  10.79421403  -3.55357684  18.13641613]


[ 10.38570209  28.35232244   0.75093489 -20.06411292  14.03202497
   7.35372118 -11.48706463 -25.89461128   9.14625267  -8.70295866
  10.98964601   3.0793795   22.38768001]


[ 10.58353568  29.52448275   2.36739293 -20.50407393  11.92232731
   7.18704745 -11.64516468 -24.48005942  13.44638286  -4.86754587
  13.41572917   6.58576157  21.26297829]


[ 10.51878817  28.84823216   1.66416175 -18.76589798  11.65550497
   7.64130396  -5.45023482 -20.34771261   8.73446464  -7.53316129
  11.93893275   3.64854462  20.13299962]


[ 10.45666306  29.13935949   0.03201553 -24.48090025   8.53181441
   6.45914317  -5.54523978 -18.8890767   16.16633538  -4.88315031
  12.72090965   4.13257876  14.84681392]


[ 10.37679092  28.36049499  -1.114746   -26.52490992   2.8686555
   2.9551089   -4.19959121 -17.0114977   17.64590383  -2.73201712
  10.98636605   4.36970394  12.22081913]


[ 10.54012907  26.64004408  -1.81530284 -23.45544263   0.37886003
  -0.53129458  -0.13506149 -13.5251367   11.76469015  -2.97185788
  11.37928209   4.54113233  12.04545355]


[ 10.28720142  27.59320806   0.14241962 -19.78493421   7.07724216
   4.32642977  -1.17361983 -11.16885745  15.07872864  -6.81676044
   4.75691085  -0.23537457  11.6466597 ]


[ 10.05236777  25.69535594  -0.50023229 -16.65800601  10.42000884
   5.70146852  -2.0529739  -14.29646536   8.57124679 -10.06224794
   3.54860826   0.22654244  12.63523031]


[ 10.22100029  27.36222865   0.96911598 -18.98638364   4.58818575
   4.8368767    0.50515724 -13.8093366   10.93599351  -3.34783303
   8.87172024   1.85269454  12.38898955]


[ 10.47890103  24.69352157  -1.87073605 -20.55982833   3.00603188
   4.33498718   3.83678     -9.27764412  10.83812611  -2.09893681
  12.46733384   2.47073184  13.1910006 ]


[ 10.44565653  25.25038519  -2.9285252  -23.13850404   7.27014545
   9.16043814   7.58445116  -4.70168383  15.49414204  -6.70926213
  10.62738092  -1.59679442  13.53216153]


[ 10.30810698  25.17654817  -3.15492445 -23.538276    10.10043345
  13.84102921   8.71280956  -2.62621381  21.78664665  -3.20981518
  11.52401191   0.09645827  13.95071401]


[ 10.42576615  28.66667172   0.30914601 -22.26020035   7.64190338
   9.58382551   2.30177033  -7.78563024  19.94770479  -1.85160124
  10.70953284  -3.43778722  13.61383249]


[ 10.25555331  28.20223337   1.48318095 -19.55392608   6.33445943
   6.2443288   -3.19779502 -11.0364623   17.40078594  -1.24379972
   8.38826636  -5.43082097  16.89640942]


[ 10.25181078  25.95391169   1.25320162 -15.77048415   4.27896419
   3.00200196  -2.8131525   -9.00919887  14.01986987  -0.78745567
   6.51284829  -3.57333343  10.1249097 ]


[ 10.11808396  26.8867364    1.08734973 -18.72466916   6.44940612
   5.53552227  -5.59360912 -13.66131542  17.32079645   2.05516525
   8.17866656  -6.99980737  16.43600582]


[ 10.07674765  27.89341428   1.63446741 -20.48081386   6.19135926
   6.77609684  -7.3107369  -14.76218437  20.08590262   4.88486695
  13.17274836  -4.18252841  17.90299782]


[ 10.17800499  28.38875381   2.38708675 -19.71730334   9.8171705
  10.6894616   -6.33351232 -12.78323825  19.1946992   -4.50170212
   6.4940847   -4.89169582  19.275139  ]


[ 10.04065672  28.02388623   1.13201476 -21.04239074  11.50907432
  12.2817435   -2.57812925 -10.90677317  17.37658005 -11.14250871
   2.94048103  -3.57399611  17.17826585]


[ 1.01230735e+01  2.80621898e+01  1.81716555e+00 -1.87736534e+01
  1.06073061e+01  1.21495756e+01  1.00739578e-02 -1.14480948e+01
  1.56203552e+01 -8.28269506e+00  1.60093249e+00 -4.38958224e+00
  1.79055364e+01]


[ 10.2515093   27.27816456   0.54251488 -19.86939656   5.95857242
   1.70848824 -10.56671574 -19.80331993   9.21218074 -10.17748812
   2.47768362  -3.71770506  15.44880824]


[ 10.27890027  28.96409094   2.02134905 -20.99311872   7.08070956
   4.35154249 -12.3473723  -21.34700111  11.86143515 -10.46305361
   2.4760969   -5.84837639  14.7633195 ]


[ 10.28275043  29.11640709   1.22920862 -22.00003629   8.25746808
   2.60791416 -10.91894959 -20.49789001  11.81347518 -16.96360017
  -5.7436873   -9.2716425   13.83159058]


[ 10.22136445  26.72080778  -0.68111913 -24.23997625   5.44145698
   4.19183049 -11.58893047 -19.94440959  10.02135004 -19.1775277
  -5.76347184  -8.17624331  12.17061929]


[ 10.16880404  26.74675912   0.14861106 -22.17703017   4.43519695
   3.32262231 -10.1006117  -15.53557767  10.82732635 -17.82299379
  -6.3155526  -11.31975173   6.58969904]


[ 10.12155     28.38967364   1.53312576 -21.78861411   9.03443143
   9.03152491  -7.29823078 -16.16635699  16.82433072 -14.69710891
  -6.4607704   -8.14371278   4.35064932]


[ 10.08772342  27.28193841   1.1251897  -18.77506683  11.17356462
   6.80273064 -10.74101276 -19.79839843  11.8079979  -14.10617585
  -2.91019843  -7.79118839   5.3560767 ]


[  9.98454696  26.28851064   0.16683781 -18.38930182  12.94879601
   7.23454305 -10.80365947 -23.44741643  11.70883615 -10.66519419
  -2.80523535  -7.47004233   9.17618288]


[  9.86662826  26.10573668  -0.39222217 -19.50140464  10.0161668
   8.17466267  -6.55551063 -22.02010448  10.28212552 -10.29930332
  -5.61930856 -13.3336867    7.77155374]


[ 10.01057139  28.29813984   1.16756253 -21.69199413  11.72024482
  11.44964481  -8.59578001 -19.81794867  18.06932673  -5.91705145
   1.71911372 -13.94229718   7.25560335]


[ 10.05843788  27.12703606  -0.16142677 -20.35285776  13.45301991
   7.0505778  -10.11713029 -16.21386226  19.00334155  -9.29690153
   0.62725381 -11.50253114   4.70469913]


[  9.95411643  26.13229277  -3.06548274 -23.13513593  14.04097436
   5.4018595   -9.13416071 -15.23885374  19.15031542  -9.31155935
   3.02908159 -11.42009462   9.70115044]


[  9.9248255   25.97266056  -2.45891896 -20.16408312  19.87230654
  10.22555385  -4.43027463 -17.29890849  16.6817324  -12.76498913
  -0.66426039  -8.97890143  10.6031157 ]


[  9.96481293  25.45800869  -1.85429045 -21.56429544  12.4362601
  10.05627968  -6.08105987 -16.50274706  17.25928954  -7.79681334
   2.85195975  -6.94624617  10.67631678]


[  9.87985154  24.8339522   -0.83261004 -16.97743351  11.96965511
   6.65603155  -6.17084243 -12.58831519  18.6902599   -3.15893726
   2.313656   -11.1220383    8.64685389]


[ 9.85595416e+00  2.69743925e+01  1.50321023e-02 -2.13314195e+01
  1.25530349e+01  1.17922378e+01 -5.07765979e+00 -1.31612838e+01
  2.40355554e+01 -3.81934206e+00  1.23324768e+00 -1.23944565e+01
  1.13310388e+01]


[  9.83574421  26.5659      -1.77221564 -23.27613726  13.50787163
  10.75037986  -4.53896876 -17.40980086  21.06554492  -9.1299868
  -3.9946883  -12.19398361   9.22121988]


[  9.79813542  26.542354    -1.71772399 -21.44248812  15.07742451
   8.61019037  -3.01430193 -16.29387565  20.74196705  -9.48034014
  -5.81645716  -9.8013042    9.14016263]


[  9.91462884  26.36361762   0.08331404 -18.78835297  12.30900432
   9.12706018  -6.56598018 -20.75835751  12.52256863  -8.35465902
  -0.64243334  -7.75102741  11.87556662]


[  9.98087106  26.39785413  -0.24933674 -18.83549357  18.29931965
  10.89117464  -7.26180624 -17.42938987  19.10048206 -10.07748998
  -0.28257764  -8.11691047  12.34395048]


[ 10.00100963  24.42740656  -2.66800741 -18.45930745  17.22499627
   4.57246169  -9.09089281 -18.6773591   17.95167809  -6.2018736
   0.40429223 -10.00059842  13.59923376]


[ 10.04696264  25.64459896  -3.34039161 -22.50849589  17.43859232
   2.18533619  -9.99706603 -16.91935616  22.85554878 -10.74504415
  -1.98082103  -8.13290496  11.63204829]


[ 10.19177475  26.72087719  -1.25481047 -20.65008793  20.71665697
   7.25693247  -9.39563299 -18.99244796  24.26943954  -9.89839492
  -1.46769263  -7.12971484   6.20496521]


[ 10.07694375  25.11119967   0.26933894 -15.58696739  15.02024696
   8.75301459  -7.19729048 -18.24682513  17.32599271  -5.84895152
  -3.09381749 -10.62146796   4.03887321]


[  9.97294197  24.93442401   0.21052094 -13.56284706  18.20397948
   7.07356714  -9.76613298 -18.85154095  15.24259758  -7.22458125
   1.04426827  -7.22056129   4.02028778]


[  9.89530548  25.87069108   0.0679381  -15.37558884  17.45088025
   3.0239576  -10.87358748 -16.27350774  17.63744899 -11.85009679
  -0.54065924  -0.2531134    7.04240391]


[  9.87307262  25.74904696  -0.55850642 -17.74191433  18.10581386
   8.50336083  -8.62749503 -17.50438905  19.78590021 -10.10282386
  -0.1802392   -0.57838258   7.57690636]


[  9.7069401   24.79032725  -2.13474133 -20.14384313  16.43073131
   6.55109488  -9.58096954 -14.71602569  24.32084204  -6.23432566
   4.26923041   1.77907054  13.06639357]


[  9.72101367  22.23579937  -3.293054   -16.31113161  15.57505146
   6.15112345  -6.61014009 -13.56410486  15.7593453   -7.3835227
   3.11799054  -4.40150594  12.69636606]


[ 10.0887367   26.29633813  -0.22033478 -19.8767117   17.99818821
  12.4954418   -7.58624716 -16.31883657  24.98688141  -4.69481721
   2.31610607  -7.02853393  11.10482316]


[ 10.26061047  27.81184323   1.58535905 -20.45710027  15.25706112
  15.74177613  -5.23362161 -21.8947622   20.66232595  -2.74073655
   0.83570821 -12.02542365   9.00171632]


[ 10.21717043  27.21517473   0.25351106 -19.92528659  16.40793463
   9.87430067  -5.84828656 -22.33257116  22.35205263  -1.99492119
  -3.48852607 -18.93199097   2.62640387]


[ 10.20276989  27.2326389   -0.26247995 -22.33497247  14.647306
   8.88239308 -10.36426364 -24.28296053  20.31455864  -5.90199904
  -0.88002246 -12.62421152   4.54771485]


[  9.90250532  26.91806602  -1.34187643 -21.45646908  13.56125518
   6.55817293  -8.20773502 -20.07034949  18.2116105   -4.75421855
   5.23036797  -5.09015807  11.18420372]


[  9.84000775  24.26072334  -2.40004224 -17.38086209  15.98661924
   9.64515772  -2.15212509 -17.14379793  13.07025997  -5.88735901
   4.42348768  -2.16198513  15.71844338]


[ 10.17475662  28.19848823  -0.23290768 -23.85661823  15.06760757
  10.45813322  -7.73369482 -11.1243341   29.36374107  -2.26295517
  10.39652013  -6.72545335   8.55328481]


[ 10.11022204  28.09428777   0.52725231 -22.73090087  11.69351796
   8.5165996   -8.52151333 -13.84145676  27.62916076  -0.62438902
   5.8199992  -11.16600368   6.05731215]


[  9.8447159   26.35829978  -1.19852051 -21.91589722  12.7812045
   5.60503254  -7.30903344 -10.50331179  28.12930752  -2.33275781
   4.44228448  -6.21687227  10.51192806]


[  9.60374294  23.41685458  -4.46137124 -24.84764569  11.26805338
   4.61061991  -9.00616531 -10.02071447  25.77859104 -10.46046477
  -5.21519635 -16.42954443   7.67936048]


[  9.83508325  24.04002685  -2.7092509  -20.91494546  15.74657798
   7.92336108  -7.23843357 -12.41579826  24.27422542  -7.21184461
  -3.79989794 -21.46287662   9.27126379]


[  9.95715136  25.63357316  -2.41540147 -22.59283152  19.14720741
  10.50987188  -5.09328608 -14.11137279  25.33012871  -9.58645506
  -3.72421033 -18.52721579  12.09481984]


[ 10.03131392  26.01413732  -2.38588805 -21.55774032  21.72918057
  10.02964106  -5.08872026 -17.00997407  25.29755538  -7.32108153
   0.89583614 -11.07316544  14.60280895]


[ 10.00241252  25.71188836  -3.19792068 -22.65469781  19.88113835
   8.49647148  -6.73424439 -16.88271871  22.06048017  -8.33343482
   4.80130528  -8.28493186  16.52284131]


[  9.83336287  23.30138013  -4.93529505 -22.70451819  20.32392883
   9.84150123  -9.54765159 -21.14817139  18.14329946 -11.85680423
  -0.59293147 -15.63411156   9.0404835 ]


[  9.79384592  24.25979059  -3.98002158 -22.32754257  19.36163755
  14.8019169   -3.25309855 -18.69822013  18.70720073 -10.36472751
  -3.55604523 -17.11499579   2.17863715]


[  9.80811311  25.28871936  -2.20580371 -22.1035453   11.9419444
  10.26912926  -4.28468107 -12.95052027  17.82595634 -11.17588103
  -2.45045887 -11.98370322   2.07268276]


[  9.8263135   24.69127845  -0.84567444 -17.31517842  10.64221145
   8.64663484  -0.2376194  -10.15830825  14.34648461  -8.10768659
   1.07010242  -6.73359447  -0.26782701]


[  9.90334385  26.82401983   0.97847629 -17.87668909  13.00075805
  10.14819405  -2.73375775 -11.20551226  18.367728   -10.16362936
  -2.46514437  -8.27444577  -1.19576848]


[  9.7223698   26.32211283   1.7766885  -17.3000445    8.97088422
  11.37335954  -4.87009185 -11.43136304  17.86590849  -4.414009
  -0.03211683 -15.04269542   2.46762086]


[  9.64031633  26.25560726   0.88974147 -18.18645268  10.2457241
  12.26436089  -2.34425985 -10.04612218  22.33122667   2.72694147
   8.91883572  -7.39328375   8.23307306]


[  9.6226151   25.56009738   0.71424127 -17.99026311   9.20612791
  11.97332058  -3.78396952  -8.48182445  22.44849461   2.72288158
   8.74839711  -9.44687703   8.40936378]


[ 9.83511585e+00  2.56624808e+01 -2.22379334e-02 -1.97096413e+01
  9.01012675e+00  1.17284809e+01 -4.01620206e+00 -8.25851934e+00
  2.15442118e+01 -8.27193356e-01  8.10950573e+00 -8.33899482e+00
  1.08038495e+01]


[  9.92769428  26.55015616   1.58788748 -19.93534002  11.1120595
  15.88061278  -4.70357256 -10.14812505  21.52534457  -6.83671388
   2.25121593  -6.37038629  11.56442765]


[  9.96605026  24.84110506   0.14021028 -16.10012922  11.55665593
  12.02918352   1.63867322  -6.29089602  20.6872929   -4.8085152
  -3.7555477  -12.58700887  -0.56931431]


[  9.79105571  25.21124322   2.02413823 -15.69564299  13.44313293
  13.96561839  -5.12830446 -10.26631893  24.36462567  -4.38740393
  -4.41372595 -10.99529045  -1.0684563 ]


[  9.87743519  25.98383694   3.36398344 -12.68101008  13.37795303
  12.14529649  -3.55508819  -8.69374084  20.88526747  -5.65150548
  -3.92031953  -8.58650411   2.2517602 ]


[  9.81656802  27.00732951   3.1360538  -13.20500254  13.47708456
   7.5460592   -6.72501072  -8.42682965  20.79014518  -4.75467133
   1.27729578  -6.86409627   8.36722356]


[  9.86629159  24.91403796   0.55161067 -12.93767191  16.02040007
   8.03758864  -5.67766797 -14.25168693  14.88191851  -6.75845701
  -0.7869507   -8.65779621   3.35616992]


[  9.81437378  23.31923455  -1.56516063 -14.32586443  16.26722113
  11.51228315  -1.30982186 -12.98949802   9.02892441 -13.58932889
  -2.47463219  -9.60483516   1.60765166]


[ 10.02632115  26.87144844   0.95869359 -16.41321929  17.73183724
  14.60523336  -0.30225371  -8.87717204  17.1483835  -13.30957903
  -2.14906096 -10.41954751   3.23491785]


[  9.8218687   25.61190719   0.3946697  -15.59862719  14.0411981
  11.25948783  -1.29449158 -10.79036021  13.28465536 -11.06536004
  -0.21384125  -6.45658734   6.7730539 ]


[ 10.20637963  25.92385468   1.34854864 -13.06680996  18.50414356
  11.30970079  -1.68807976  -6.52185444  21.61261938  -5.77804725
   4.74432966  -2.08855865   3.16088383]


[ 10.39580414  27.22376207   0.5994643  -16.39179886  21.22929258
  12.75954023  -0.13271248  -9.51258036  24.95334194  -6.99024185
  -1.22857968  -6.89406776   3.39000519]


[ 10.44918743  27.9778785    0.78204818 -17.72726165  23.33243567
  13.78487015  -1.20832724  -9.10818134  23.81990373 -12.39682791
   2.35118265  -0.70076421   4.62182775]


[ 10.2398205   24.63305259  -1.74565905 -17.31146055  17.74333246
  14.21481464   2.62410755  -8.54655599  19.69882506  -5.50235815
   5.94384992  -1.49226832   5.73713312]


[ 10.02304555  24.74550296  -2.40306618 -18.87212334  18.99397902
  16.32667345   2.53266091  -9.3979418   19.92636757  -4.97603038
   8.26378905  -7.28870966   2.30638557]


[  9.92235022  22.43443045  -6.58665485 -25.40360955  24.02836759
  20.00552602  -0.08041815 -15.1183274   16.65635387 -17.18952868
   7.1613797   -3.02890797   6.75610333]


[  9.96383819  21.63322721  -6.62489748 -20.99810035  23.05022629
  16.18101707   2.41143867 -10.84707441  15.19079577 -14.31220121
   4.65020246  -6.82149367   5.42507981]


[ 10.06357694  24.73656494  -3.87380705 -23.42494879  21.63753091
  16.65871684   0.17752533 -11.88009313  20.43992714 -14.91771266
   3.02905368  -5.3263669    5.59657068]


[ 10.32298362  26.19916688  -3.39780363 -24.82609542  19.33568564
  15.42543987   1.05838277 -17.14264472  15.75279433 -13.47458513
   7.01823063  -2.27713382  11.07835397]


[ 10.23926484  27.41417572  -1.95918604 -24.99154537  14.79909007
  17.36258954   4.08799849 -16.7015024   13.0437535  -13.51180187
   3.35047476  -7.75319408   9.82187052]


[ 10.26934751  27.22428995  -1.65487586 -24.90035644  12.16602882
  15.53056838   1.79358925 -19.39679577   9.53919223 -15.08054869
   1.98831273  -6.60176219  11.37128655]


[  9.93997853  23.37831666  -2.79524507 -18.12681064   9.37719941
  10.73913631   5.46337011 -11.52672748   7.29349387  -9.88083336
  -0.13884474  -6.72177121   5.49166697]


[ 10.09226637  26.49762364  -0.36433994 -18.60012266  12.68492469
  13.04402283   5.15517481  -6.32456849  15.16344189 -11.90224283
   0.41115212  -5.03204761   7.01045154]


[ 10.19957545  27.6866089   -0.87112121 -22.59631639  11.82706347
  12.66945403   5.67689468  -6.57170178  19.28286287 -12.7557994
  -0.77406262  -4.161331     5.77321697]


[ 10.42233481  28.98730908  -1.22324704 -24.11077428  13.99849699
  13.29266529   4.35735111 -11.45900859  16.33360927 -13.99507077
   0.09219187 -11.05002156  11.21769431]


[ 10.19653959  26.65890931  -2.80884657 -23.10764292  14.34984925
  13.01781631   5.61935535 -10.75584616  18.13197462 -10.80821197
  -3.60903698  -9.86288933   9.84738032]


[ 10.16852981  27.70548881  -2.30633074 -25.57590261  12.64903877
  13.66884507   4.28583489 -11.42126954  19.50743457 -12.50786624
  -3.41202974  -9.52232705   8.11034329]


[  9.98511069  28.05675586  -1.56321715 -24.34713401  11.64291096
   8.27969275  -1.05955858 -12.6578252   17.40579118 -13.47195029
  -1.13027154  -6.84271029   7.33990715]


[ 10.07774084  27.38068983  -0.6418557  -21.84993296   9.5982766
   8.90143023   0.31660326 -11.54444664  14.47762753 -15.17854833
  -5.40540111  -8.05867458   6.73846131]


[ 10.08732612  27.59919195  -0.75128988 -23.25056768   6.978274
   7.53295425  -1.25156255 -16.76421309  10.18609573 -16.51913294
  -7.87705801 -10.84403509   4.3781407 ]


[ 10.03828145  26.6111169   -3.1577622  -25.57641617   8.13659112
   9.28613287   3.06538566 -14.58605166  13.28911322 -13.32106915
  -5.76434409 -12.31287916   1.0376384 ]


[ 10.09910501  27.31729118  -0.04769527 -20.48169379   8.63445479
   7.22247614  -3.92446018 -15.47761516  11.90724177 -10.34460914
  -0.54754782 -11.30141875   3.03259064]


[ 10.08036171  27.75860781   2.52952653 -17.84459363  11.00399599
   9.98088144  -7.16057678 -11.11739368  16.30397449 -11.44218944
   0.15900467 -11.34347045   4.8628615 ]


[ 10.17065977  27.53474346   2.31521386 -16.65086438   9.46354977
   7.50833187  -5.69363491 -12.44876943  12.70009235  -9.69469945
   1.40308277  -9.6505882    9.65870924]


[  9.92037779  27.71244357   1.32914915 -19.75460154  10.84254908
  11.89220919  -3.14470503 -13.96525945  19.05771058  -3.92065686
   3.97350597  -3.87022391  15.74289336]


[  9.83796472  25.36380702   0.08403627 -17.26093664  15.55313291
  12.80215261  -5.09818891 -13.33150643  20.3818456   -3.14920845
   7.14395923   0.27977535  12.98577994]


[  9.78047915  25.27073848   0.8746134  -16.35388271  13.66075668
  14.72977524  -3.13119539 -11.78888412  17.87404354  -4.21706682
   3.56919458  -5.97189937  11.69659241]


[  9.87533225  26.1794236    2.30243531 -15.80685797  10.69950397
  14.28745653  -1.95932011 -12.45653674  16.4667758   -3.62160333
   2.88393576  -4.44073952  10.96821131]


[  9.72032892  24.63485587  -0.70128225 -18.47945438   9.66760183
  10.08978952  -3.079802   -13.12756627  17.08187846  -4.32003031
   2.26354426  -2.18415877  10.06942932]


[  9.5580462   23.23845113  -1.18417633 -17.05304391   6.58310118
   4.54856015  -6.71150254 -11.21582786  15.12416117  -6.95635584
  -2.50232334  -8.35085878   8.46780839]


[  9.67292452  25.68457203   0.82703195 -19.84814278   6.8097102
   9.47041052  -8.01983466 -13.23783791  18.45917969  -7.20819411
  -1.22429935  -6.83160921  10.03515169]


[  9.35109121  27.26477259   2.22076783 -21.34072296   7.82845119
  12.39962463  -7.96223949 -11.46505972  21.75630246  -8.8431563
  -1.64736866  -7.02443342  14.43458223]
