

[  4.61686187 -18.63975387 -10.8663943   -4.62018321  10.12899949
   7.69039574   2.07227002  11.26803591  11.39462314   6.33526695
  11.05189496   9.28392843   8.21776206]


[  5.46006947 -15.91929383  -7.26691309  -3.01975139   5.94029413
  -1.16676046  -6.8591623    1.22502565   3.56804853   5.0226074
  10.26914032  12.97331335  15.19672871]


[  5.74310384 -15.21642729  -7.88414138  -1.98987163   7.96999765
  -3.55635218  -2.11815079   4.9435209    6.86844976   5.29509522
  11.06293948  10.69982794  15.46118478]


[  5.72784334 -13.19360071  -8.64649834  -0.92410745  12.66374423
  -1.44815102   2.11026412  -2.00350726  -2.35361402   2.43709484
  12.34770678  12.12040367  11.16556689]


[  5.90425612 -12.72849716  -9.36939825  -0.76501291  14.734448
  -0.91729452   8.95836512   3.14202712   2.22854942   2.88373475
   9.7910205   11.41396821   7.57338063]


[  6.30764402 -11.83697066 -10.2218659   -1.96258063  15.029023
  -1.89482533  11.00137324   0.23071495   2.27315223   7.7617442
  10.96284073  12.70159316  10.79195669]


[  6.8075036  -11.09692552 -11.54392947  -4.24198048  16.00086317
  -5.72515232  14.26711317   1.943658     2.48136559  11.90767739
  12.1934545   14.40818068   8.40569236]


[  6.9583113  -11.75211235 -13.42113842  -5.51783183  15.56471817
  -7.11148972  18.95239226   2.20962232   7.32916729  12.86010662
  12.48372579  17.86296315   6.44446679]


[  6.99132302 -11.93645447 -13.22370569  -7.53555255  13.80435579
 -10.31331474  15.05259878   3.9850841    5.91944916   5.61233993
   8.07804006  13.33842439   5.82680901]


[  7.18107835 -12.90608105 -15.16485944  -8.34093449  15.23593476
  -9.1376786   16.52734681   7.33114172   7.9528011   10.66161148
   7.87631989   6.67487744   8.39105589]


[  7.34724734 -10.07940113 -12.98118494  -6.49104577  18.82134532
 -10.77692705  12.16112384   1.93061085   2.58146057  12.02020576
   8.4621845    5.24631496   6.93835225]


[  7.3370263   -9.55556439 -12.47657058  -6.35382487  18.14515754
 -12.75321824  11.63433343  -0.25074782   2.74170583   9.46568033
  10.34108546  10.8522655    8.22997675]


[  7.26981842  -9.36125001 -10.98576637  -5.37342373  17.53102081
 -16.29667811   8.32016341  -2.68427783   0.33864643  12.003287
   8.80828244  11.29297145   7.33517804]


[  7.3473843  -10.56102478 -11.10978383  -5.56668238  16.05577965
 -16.74908309   9.42026179  -1.10225718   2.46986714  17.08435997
   9.59700322  12.08328412   7.65100227]


[  7.45935691 -10.40700473 -11.42765191  -6.56795152  17.08933777
 -11.8207875   11.47876425   1.71556328   0.89032329  11.19401051
   0.73702872   8.51907135   6.58341732]


[  7.78433751  -6.81945215  -8.90271623  -1.49706265  20.80146036
 -11.1400951    9.70000144  -5.15839982  -8.03123198  -4.89896945
 -11.71927838  -3.86549053  -7.65144572]


[ 11.13228658   7.45785672 -16.79201738  -8.82825866  21.61718215
 -41.08014802  13.86051437 -10.77502675  -7.79758691  -5.75689798
  -5.02725141   5.42851961 -35.30876745]


[ 12.10617459  10.40686878 -17.71634218  -8.33224923  27.71927071
 -51.76196338  18.09021616 -18.44519119  -8.26923119  -1.33314857
  -8.02265681  12.42906397 -37.48664078]


[ 13.10448868   9.58613618 -16.38547052  -7.68181131  20.99944966
 -49.66473452  13.61601439 -12.80506946   2.32041555  -3.08161533
 -12.5741255    3.36696837 -33.34326238]


[ 13.72475835  12.28961024 -18.86352375 -11.79082078  28.48828307
 -57.16236099  21.28674125 -12.19145106   4.60253396   4.23999842
 -15.07450162   7.70317431 -34.29905764]


[ 14.14624567  12.60933279 -19.85191168 -15.93564251  27.28895122
 -60.09633948  19.87944993  -7.52642026  12.09000555   2.45691893
  -9.47050367   5.2691511  -32.85503562]


[ 14.32874526  12.51871744 -23.34122346 -21.62602414  23.64115296
 -64.96356768  23.27615445 -10.22188872  12.07232496   3.84335722
 -14.46213678  12.45264511 -34.92840682]


[ 14.57632004  12.48171788 -19.5721216  -19.62555882  20.1454384
 -56.04801065  17.70216589  -4.44193834  19.17160905   7.50764426
  -5.1310181   16.81488508 -20.33746608]


[ 14.58556558  12.37132028 -20.51205748 -21.03970025  19.86018526
 -58.24417044  17.50185739 -11.82963779  11.94760105   4.24374634
 -12.66676588  14.5408028  -26.08149632]


[ 14.6734628   11.83014387 -21.66147023 -21.46543778  17.46103059
 -60.33704201  13.7207751  -18.47438814   5.70287785   0.31630129
 -15.64428493   5.78035111 -33.14917239]


[ 14.85395667  15.01501816 -17.93660057 -16.49818064  25.24808112
 -50.57965539  19.35007355 -12.83385322   8.9111341    5.27036406
  -5.785233    11.3685429  -25.46764345]


[ 15.13490251  11.01277043 -17.97960447 -16.99496211  17.94510467
 -41.27961282   9.39251302 -16.29093101   2.19654207   0.56209715
  -5.42364479   4.86843036 -25.97471871]


[ 15.15478549  12.91447826 -19.20935612 -17.55920791  22.84327243
 -49.16503823  17.26801832 -22.55517961  -1.57357325  -0.17662579
 -15.83263866   8.82325436 -32.78248636]


[ 15.46931041  10.45595626 -16.57518914 -13.61426353  21.12738853
 -42.29754517   9.24110278 -15.73747943  -0.22241779  -5.76086756
  -7.34993362   3.84772606 -25.90383671]


[ 15.56163858  10.65476562 -16.8229125  -13.54137134  19.40908973
 -43.53688515   7.92469233 -19.97755608   1.0443055   -7.89455904
  -8.95319304   4.95713286 -29.07483548]


[ 15.72704128  14.577706   -18.35270199 -15.01816518  24.04024677
 -54.56318413  21.43568361 -23.86508049   0.1223332    2.17078317
 -20.14319072  14.18720882 -34.26254693]


[ 15.81081018  14.13508958 -17.70743017 -15.57602664  21.73479732
 -51.60838122  20.08782717 -23.46675144  -2.57138392   2.87145193
 -22.31641492  11.00533174 -33.85165553]


[ 15.997318    16.06597013 -18.68931724 -17.22880703  24.98160043
 -56.1429608   21.84602626 -25.0809864   -4.34354359   6.10173166
 -25.42643344  12.9074692  -32.48328248]


[ 16.15937069  14.7648224  -17.29166137 -16.49439486  21.70481413
 -46.34129926  17.82969273 -18.03793997  -2.04658163   0.9615269
 -13.74672361   9.55336809 -25.78625515]


[ 16.21369707  17.7377482  -21.84062894 -19.93878583  28.7268297
 -62.68837617  29.25276056 -30.9343435   -5.1412949   10.08868826
 -33.73772466  21.74998014 -34.64166413]


[ 16.46765759  14.21832021 -19.66487028 -16.95896369  24.76164304
 -50.99210404  20.27815804 -21.72942609   2.22241428   3.70382445
 -23.19478425  17.7565045  -24.99639746]


[ 16.56880405  12.34057608 -18.61314952 -15.65367546  22.16559389
 -48.14677307  13.93127989 -17.42259989   4.46970888   3.22133374
 -20.27511985  13.98883022 -19.65625012]


[ 16.66929268  12.17759785 -21.5762524  -19.74334251  20.66263456
 -55.97668536  10.93020697 -23.27134839   3.95596503   2.0390733
 -24.58924188  10.76914862 -19.26351443]


[ 16.81253238  11.18117987 -17.26979489 -15.65984479  20.69300659
 -42.2896913    7.60430385 -14.81385875   9.6603403   -1.78058559
 -14.05805225   9.32505247 -13.12995313]


[ 16.93730713  16.07839403 -20.18008162 -19.17310209  30.97314588
 -56.30821348  21.51407652 -21.28866936  11.64322371   1.85963061
 -27.0180359   16.74459123 -15.18972822]


[ 17.0078923   14.59763927 -19.03585521 -20.60709986  21.83258423
 -54.26032935   9.31087326 -21.73684141  10.86383516  -1.28590155
 -25.99110547   6.7716372  -15.90904443]


[ 17.40336604  17.76391763 -16.38069267 -18.86668106  18.51244431
 -54.12936678   7.22683435 -21.06321832   9.93481545   4.53365838
 -20.31776291   0.3048832  -20.87572788]


[ 17.82312834  23.15136925 -14.5824861  -19.84704374  18.04743472
 -61.78551483  11.5738859  -25.77895801   9.011349     9.27929334
 -26.36967363   1.52679336 -27.73250179]


[ 17.99159789  20.96510382  -9.88029147 -17.59838324  10.77374557
 -47.03622869   0.42334258 -22.00565341   9.72846532  -1.53363503
 -19.53514587  -1.80370906 -30.02963204]


[ 17.87061917  19.61475189  -6.24220144 -10.87802391  14.71728643
 -37.86555836   0.3901713  -17.64512195   8.96759389   2.05481254
 -13.20777647   5.41213852 -31.40393659]


[ 17.96120134  14.78796004  -8.63246515  -6.61421711  12.5076182
 -32.89022643  -0.33861997 -20.45429098  -2.13880803   1.27449605
 -14.10848162  -2.54099008 -31.8303535 ]


[ 18.130641    12.72743507  -7.77721499  -3.49212226  10.32493281
 -28.5162184    2.8856551  -24.4045027   -6.70104556   4.30893917
 -18.27100334   9.40003763 -33.66160824]


[ 18.23136523  12.69771011  -9.60117095  -6.9642925    6.89187974
 -36.77651978   6.94204581 -26.53383636 -11.03461697   6.48674236
 -25.03768919  18.3302882  -41.27513252]


[ 18.00992548  13.02476163  -7.26018007  -1.19433037  11.39865477
 -46.0484442   20.98704578 -20.97502878  -4.01031011  16.1389212
 -33.07459271  35.4209627  -49.70426447]


[ 18.0249405    7.93519541  -6.3468617   -1.53982987   2.00193124
 -36.92620334   9.55341659 -10.15754131  -7.64424881   8.91746104
 -17.847523    12.9932154  -47.00247135]


[ 18.48815597   9.52361333  -6.52491053  -1.93534924   6.36594071
 -43.86391358   6.84776368 -11.77007472  -3.40531714  10.38400409
 -13.75124034  14.81514894 -46.25629561]


[ 18.4924666   11.80767064  -9.54544033  -4.32602863  12.21351858
 -45.43172373  16.40129361 -15.57527652  -4.69463894  11.27768851
 -16.56764327  20.86185511 -43.50411527]


[ 18.45418274  11.02157711 -14.01206462  -7.31858538  16.61592659
 -44.06106637  16.88229454 -25.77255307  -7.98588084  10.07494484
 -24.37913212  19.8048281  -47.02826256]


[ 18.69225062  10.39234463 -14.82559305 -11.16971946  12.82603213
 -36.62799431  13.66677185 -20.86417998  -6.75714256  10.14447028
 -17.68864094   8.77399766 -44.61103871]


[ 18.74708598   9.22126466 -17.17971517 -12.11410789  14.37516966
 -33.74623173  16.1833923  -21.57846245  -1.15067838  15.53831136
 -19.63813601   5.40177104 -45.38214889]


[ 18.81132225  11.86941271 -18.46522672 -11.8679151   19.06653685
 -47.46005475  25.37141238 -28.49171635  -1.94305496  23.84342016
 -28.54467641  19.66769748 -52.09481454]


[ 18.73535939   9.36525244 -19.96715928 -12.6822841   19.39914012
 -47.76172198  17.50171476 -28.46300153  -1.94643797  24.02966636
 -24.80924842  20.40394636 -51.70313711]


[ 18.58560782   5.38539558 -19.11810888 -12.26492562  10.8656654
 -33.92673244  11.73559335 -16.99624124   0.5492388    9.08965745
 -14.08513336   9.19737935 -40.70787826]


[ 18.31726302   8.63099147 -19.88807245 -13.76064182  13.18715084
 -35.82094206  19.19931561 -22.33495431  -1.80055574  11.00258516
 -28.2636086   12.29072002 -38.73560607]


[ 18.28038127   7.66119897 -19.4899407  -13.61774279  14.40130473
 -34.52108577  18.50455163 -18.89077677   0.40260819   6.63366969
 -25.91283151   6.62868859 -32.19067473]


[ 18.33049976   6.77225023 -20.3264899  -16.17978062  11.85133715
 -36.71106536  15.19981977 -22.75684561  -2.92058676   3.66001107
 -21.21171943   9.28552621 -35.6371164 ]


[ 18.38822968   8.37433778 -19.91479815 -14.97996315  18.22497257
 -37.5585534   18.55364103 -23.29140279  -0.56994213   8.68443811
 -23.51523199   5.6021413  -40.32845738]


[ 18.32725717   8.36358181 -17.9433215  -11.321558    18.84973013
 -43.5430444   14.5977269  -25.66785266  -0.47887415  14.35349306
 -29.75158493  10.57230066 -42.29681211]


[ 18.12322113   3.68577253 -15.69708959  -7.96590591  12.38518514
 -28.68659715   5.05083114 -18.07504157   0.05913182   1.75703674
 -19.81216884   4.75926877 -37.28566975]


[ 18.38762243   5.12559537 -17.29442193 -13.27332778   9.8131708
 -30.92654003   6.96640711 -15.00135995   5.11814016   7.01455526
 -18.23039174   8.45583113 -39.69985998]


[ 18.47693407   6.04427364 -18.69429715 -14.59392994  12.64753488
 -35.44125901  12.08693195 -11.29418788   9.0196235   10.10119385
 -17.67753351   8.28945761 -44.86883671]


[ 18.35529482   4.63786051 -18.03293494 -12.05478653   9.02753981
 -30.79852816   9.95558326  -7.4397049    8.30202763  12.30617513
  -7.36315573   5.62673011 -36.3492714 ]


[ 18.20617482   4.93359469 -23.05732327 -13.40811473  20.10198855
 -32.85327832  26.96471363 -10.90963832   7.75004931  21.24316958
 -17.30222228  14.09063963 -44.78083516]


[ 18.3214266    5.73285858 -24.46355345 -15.13039419  22.18016034
 -35.91749161  30.36925465 -15.00256822   9.55710653  31.86737778
 -14.42498598  20.01718229 -47.28043929]


[ 18.2061457   10.05328558 -20.34086485 -10.67863926  25.62843658
 -36.2817228   30.75325725 -19.89508674   7.3060389   33.32190203
 -21.46027353  20.7171659  -43.4512842 ]


[ 18.39956731   8.54448186 -12.20849868  -0.47521355  16.346155
 -34.03719402  20.27582269 -15.18957775  -0.91070786  24.73167681
 -14.19895318  14.77745367 -37.54951109]


[ 19.03003504  10.73195861 -10.16353248   1.02972936  13.59664538
 -55.72116648  16.85219002 -25.7279801  -12.05417718  25.00127498
 -33.68172022  14.74009295 -50.90147421]


[ 19.78028895  11.22625481  -7.42102219   2.60433145  11.18373703
 -56.31453635  13.73246965 -23.66684618  -6.79044172  27.95662445
 -24.71702675   9.90490338 -56.6187947 ]


[ 19.71668316   9.88514535  -4.53921917   5.93304855   8.5114067
 -51.54286978  12.64074785 -16.99488135  -2.63701345  28.50995442
 -19.21358882  14.12227487 -49.70704942]


[ 19.73603778  10.80563899  -7.6765776   -1.12990916   4.44647296
 -45.49085839  14.45404588 -14.99766143 -11.24307845   9.0100781
 -23.50346019   5.90720119 -43.87610626]


[ 19.72718514  11.20916202  -7.45213909   0.76780716   9.88787179
 -42.36878961  15.27908741 -15.02109629  -9.7294707   11.71550028
 -15.14146404   3.91437635 -43.30389769]


[ 19.9786795   14.49840099 -10.49068847  -4.00872859  12.96527484
 -57.95823805  23.53463314 -22.03744027  -9.98527494  20.70107641
 -25.05691136  10.96869801 -49.86937864]


[ 19.95315603  11.24394273  -8.13297123  -3.80345922   4.16236502
 -49.83108086  11.06439399 -19.58503672 -10.17245143  14.01728043
 -15.27090972   3.75159763 -47.12958074]


[ 19.91724853  11.84244626  -8.36019705  -3.29793571  10.18469317
 -47.93445554  10.99634003 -22.34023854  -4.97877384  17.96305938
 -15.8168229   18.68205364 -47.23477903]


[ 19.88712347  11.65298741 -11.00926056  -8.53729919   9.44471894
 -51.34418382   2.67790672 -28.55215474 -11.14597156   6.6136017
 -20.28551191  15.63122709 -46.62938374]


[ 20.01044325  14.34316401  -8.89974476  -5.81789357  14.24684974
 -42.52538421   6.12766342 -22.06166152  -7.50006295   1.38507682
 -12.1651251   10.79841425 -41.41837015]


[ 20.10146505  15.3873869   -8.78348445  -4.12629331  14.84436703
 -46.91044345   6.88445151 -24.36982335 -12.62469642   1.56352513
 -14.13643737   3.39510267 -36.63336467]


[ 20.17956533  16.27882996 -10.56798729  -6.95409433  14.3712567
 -56.73728586   8.07807109 -33.90093544 -21.09068371  -1.01616749
 -24.21757107   5.37079295 -40.67652833]


[ 20.23872404  14.51745559  -6.79362445  -2.05961875  15.38928062
 -45.32693073   8.42918687 -25.46339635 -16.15578859  -7.00313362
 -11.90531181   5.57370577 -36.67255949]


[ 20.19076746  11.71815847  -6.84666401  -2.38154946   9.71789349
 -46.20197      2.51237928 -30.50121315 -24.79845641  -4.99492596
 -16.09152429   1.10563844 -37.59738857]


[ 20.24429055  13.09018756  -7.70272995  -3.05074064  13.32035702
 -51.88438643   5.18938185 -34.64780601 -23.64320561  -2.68802654
 -22.93947339   5.21872203 -38.71352237]


[ 20.32091975  18.15578019  -5.76465245  -1.8822044   19.32279768
 -54.03899579  15.13207556 -35.47058664 -22.46254614   7.29351564
 -30.20675955  12.89247269 -37.94720414]


[ 20.44671293  16.16755419  -3.61989487  -1.15724655  10.62407384
 -42.56658      6.66152399 -34.90666874 -21.49791589  -0.38372206
 -23.34874339   4.57571705 -32.78129414]


[ 20.53767698  15.15104959  -3.28389743  -1.56047721   7.88240928
 -40.29419414   6.08069618 -32.60827255 -22.70851031  -4.11770589
 -21.79094045   0.05608801 -34.36306253]


[ 20.55805862  17.84063611  -2.56322369  -1.60211484  11.67194005
 -41.40672267   6.48760523 -31.07958982 -18.44423497  -3.11273655
 -19.70013105  -0.35067915 -34.60822736]


[ 20.49663036  18.93457554  -2.59612546  -2.56637618  10.87265215
 -41.42917746   5.52762574 -30.87415117 -17.34800159  -0.79696476
 -19.73420704  -1.44141927 -34.92565739]


[ 20.37431687  17.77884944  -2.87904827  -3.30933247  10.59169417
 -44.38483187   1.92707455 -27.11715133 -18.25760322  -3.58855048
 -14.91069882  -3.68346671 -32.94075021]


[ 20.19910736  18.58765671  -3.90539119  -3.65292351  14.34900893
 -48.96860603   5.7261989  -27.81368372 -17.99816811  -0.36173246
 -12.3430628   -0.13349405 -34.32033687]


[ 19.983593    20.7057493   -4.68667087  -3.55748499  17.64927965
 -53.77778191  12.9246882  -33.4646298  -12.68867789   7.99381819
 -21.19220285   9.15594237 -40.21813126]


[ 19.82969654  19.50891186  -5.07368682  -3.81020581  14.17417495
 -50.54235575   9.0356093  -29.99745731  -9.3036676    6.27171672
 -17.35214395   5.45454782 -42.45210209]


[ 19.76666399  16.59165243  -4.99088721  -2.20700907   9.40212217
 -52.1226278   10.92898927 -27.97854259 -10.73601669   8.03866247
 -13.87321597   2.44995493 -46.78062132]


[ 19.69182421  16.36411376  -4.90521855  -3.15680627   5.81331742
 -54.59758182   8.74569435 -25.55826296  -7.02263498   6.33998369
 -14.04196243   2.65539602 -47.53701236]


[ 19.71255126  16.49810563  -5.09780634  -2.8924406    9.20343513
 -64.02792803  13.53686975 -22.5620078   -2.74370545   5.06178119
 -14.06868356   7.16879492 -51.44604797]


[ 19.65869583  17.44120529  -3.61303746  -4.29292247   8.02111054
 -65.1483243   16.31227908 -21.12946613  -2.40594002   8.38871025
 -14.88598895   6.56805277 -48.28400549]


[ 19.66575101  16.31485672  -3.95773598  -5.78743987   5.16519573
 -60.25529157  14.73212696 -19.79579122  -4.82606292  11.81996208
 -12.24805142   2.84505882 -42.53086383]


[ 19.6082181   17.75724318  -3.6988749   -8.34559747   0.32321954
 -57.0485802   17.85666791 -23.2121637   -2.2761989   20.06662823
 -17.54909997   5.14890317 -39.69562208]


[ 1.95549832e+01  1.83204617e+01 -5.36849621e+00 -9.02644849e+00
  2.66178587e+00 -6.10169431e+01  2.31246182e+01 -2.26894238e+01
  2.99721386e-02  2.57328154e+01 -2.40954739e+01  1.33962435e+01
 -4.10641209e+01]


[ 19.46427552  13.71896941  -6.35695221  -8.34713735  -3.36710434
 -54.92741076   9.35378352 -17.49342007  -1.01390111  18.42786218
 -15.31293721  -0.69788225 -39.67748482]


[ 19.30111296  19.58352972  -5.48910048  -8.5147263    5.74906675
 -60.22329556  17.35322091 -15.90943561   0.84804625  19.68287868
  -9.29785186   5.1895865  -42.21369718]


[ 19.15296563  17.61769736  -6.7331464   -9.68709143   3.52312532
 -65.08556529  13.44803462 -20.56947148  -4.19846887  16.42112331
  -6.42534653   3.10443172 -48.18045975]


[ 19.05972085  18.55549815  -5.16101237  -8.34585015   3.14471105
 -59.63179839  14.32206393 -16.06857917  -0.64997701  13.99045095
   1.00600605   2.2922051  -39.63129822]


[ 1.90048360e+01  1.52468346e+01 -4.75674841e+00 -1.07668257e+01
 -6.86128809e+00 -5.01383572e+01  4.29942466e+00 -1.50576027e+01
 -6.48206192e+00  1.07976164e+01  3.79420011e-02 -1.20886763e+01
 -3.69158048e+01]


[ 18.91484452  17.0894385   -6.68417899 -13.01321759  -5.54340843
 -50.01075615  11.65945016 -20.9562504   -3.06475561  17.38636885
  -8.69236636  -3.62019735 -37.01086674]


[ 18.81017158  17.13860886  -5.03806995 -10.96144071  -3.34304967
 -49.2886459   17.99648528 -23.67866065   3.49861415  33.22515467
 -12.9858339    3.56652962 -38.1337361 ]


[ 18.76925811  15.25736515  -2.67385317  -9.20220427  -8.50845609
 -48.08051981  22.62042915 -19.7394057    5.22131202  36.42772979
 -19.89635115   5.42836558 -36.93565178]


[ 18.60169302  17.17852532  -1.44238007  -8.68444144  -7.60536288
 -52.76697348  27.09908571 -21.34521705   4.07654601  40.78045542
 -21.11950674   9.53190933 -35.56317586]


[ 18.39278045  15.48157583  -2.43374292 -10.66424786 -10.02668022
 -43.35583648  14.6073171  -20.09962307   5.04979322  33.7904697
 -14.58480008  -1.46860748 -32.84634045]


[ 18.21852762  16.63770199  -1.54251947  -9.75339769  -5.55116656
 -40.36975888  13.79068429 -21.75012907   9.25189951  29.85632273
 -11.82433259  -0.37885118 -33.90894399]


[ 17.89180393  16.02558886  -2.5103957  -11.37650658  -5.36296409
 -34.52548687  16.95996161 -18.11970233   9.29705246  26.74472478
 -11.20570165   3.80317003 -30.32670036]


[ 17.52123829  15.53506899  -2.7495313  -13.18616815  -7.2744453
 -35.1676474   13.82798064 -21.82573152   6.94468483  29.09808921
 -13.07312876  -3.27289605 -28.28217304]


[ 17.21416016  13.95565943  -4.31719866 -13.3513108   -5.17798058
 -39.9307175   21.43791569 -21.61866156   6.84553876  33.66760776
 -18.76377217   2.46791956 -30.6026129 ]


[ 17.00218655  15.77508847  -6.05308148 -11.18333101   3.6895908
 -50.12392107  24.23997601 -28.89962306   6.36300618  41.25959017
 -29.51798779  12.71102645 -36.93153896]


[ 16.90604493  14.81996434  -8.20693315 -11.25563383   4.64876235
 -48.74391403  20.79668352 -33.184312     3.00923697  39.05561916
 -31.78349705   9.92543669 -35.75113046]


[ 16.72230057  15.51104817  -8.54335535 -12.44978252   8.51438547
 -43.41440285  21.4155959  -38.01641524   3.50914286  43.42076898
 -29.00420779  11.91194147 -31.20556002]


[ 16.65806957  13.73636458  -8.51770433 -12.86223035   3.41129575
 -32.00452584  11.01539957 -35.27383246   2.06394341  32.43581458
 -14.99154491   4.11634931 -26.63783784]


[ 16.6026526   16.11911467  -9.33655688 -13.56858721  10.60712043
 -38.87720692  16.15666239 -41.30004971   3.14687572  39.7119304
 -21.38402775   9.42819081 -29.64686301]


[ 16.36441378  18.01734694  -9.92211148 -18.8956451   12.56088307
 -36.65887671  18.99215683 -49.93870649   4.05321804  43.46683382
 -25.42483783   5.48410801 -24.67533793]


[ 16.26921432  17.16108487  -9.68310657 -17.86197808  11.76123464
 -32.08750241  16.22959091 -44.8037664    8.0356816   41.36282642
 -11.66234646   0.09436882 -23.63299721]


[ 16.26137447  15.08046302  -9.45645992 -18.92143665   7.65095491
 -31.78229108  17.64950743 -42.98797343   4.29336403  41.85245072
 -10.5085638    2.96413576 -21.3232663 ]


[ 16.32160432  15.01970191 -11.34361788 -19.45305586  11.55971678
 -32.91558872  20.09402442 -46.66704045   3.70386359  41.48015828
 -14.64662701   7.37634658 -22.04616449]


[ 16.40949748  16.76825757 -11.87244824 -17.82242833  17.97744397
 -39.09679404  24.76512839 -48.98298075   1.8430518   48.0895228
 -13.6938498   12.65551883 -30.43135663]


[ 16.45759279  15.51476498 -12.12989228 -18.97732275  12.32893229
 -29.99612467  15.95405811 -46.10193585  -0.76971616  37.15739234
  -6.19615028   3.45037804 -27.36572764]


[ 16.39663066  16.6589638  -11.16691498 -20.69891825  12.19664658
 -27.48944743  19.79408529 -44.28225762   1.65110542  34.38873521
  -7.24207134   6.63565217 -24.63975277]


[ 16.50370912  18.79242848 -10.93431628 -22.55070449  15.72018893
 -31.72379073  24.57364441 -51.8242526    4.55870923  44.63539511
 -11.79455779  11.49400558 -28.68723136]


[ 16.57251085  17.22749348 -12.04736297 -23.18232271  11.71850523
 -29.68740046  22.96718168 -51.24613574   0.73665173  39.90207816
 -15.75372926   7.29054634 -25.74127114]


[ 16.53645947  17.01671597 -11.793968   -22.36769904  11.1246311
 -26.71066769  23.91856612 -51.06924979  -1.67414101  40.19068317
 -14.43701088   6.80298274 -24.86758987]


[ 16.59197488  16.16939337 -11.05630906 -21.31905482  10.56519022
 -20.08653576  14.61108465 -48.82894096   0.82771066  39.35017208
  -4.16895337  -1.23426471 -20.55940609]


[ 16.69292423  15.92221022 -12.73761639 -23.63209236  12.20232407
 -23.90627795  20.36578651 -52.25622524   0.18643706  40.51259864
 -10.26186537  -0.07226285 -20.25197267]


[ 16.75287301  16.26101242 -13.44356575 -23.80921658  12.43314426
 -28.07009641  25.89765299 -51.89854833  -5.49980961  42.47122869
  -9.71630261   3.17446005 -22.27730474]


[ 16.781632    15.11097145 -12.54750418 -21.98485201  10.53853124
 -26.11795802  18.48250079 -48.64672345  -5.88718792  43.19104753
  -0.99758579   1.36987613 -20.49111817]


[ 16.94342971  16.73930837 -15.0729039  -24.64758901  10.68537994
 -34.05791304  26.54424494 -56.58420228  -6.89061746  45.86381095
 -10.32687845   8.2891715  -27.599021  ]


[ 17.02498455  16.94054288 -13.87284492 -25.86967547   9.16780454
 -30.69389672  21.76713517 -57.75109819  -6.44277609  44.37141445
  -6.70515182   5.00010271 -18.66625341]


[ 16.95605429  14.18334362 -13.62037578 -22.17754103   8.45100354
 -26.6274575    9.03653414 -51.36877459  -2.09943201  35.25363636
   1.45154467   0.76542511 -14.18319161]


[ 16.89120891  15.58256173 -13.57446448 -22.63691187  10.56385268
 -30.1335676   12.16791327 -53.15920443  -6.87212177  35.65236526
   0.71647981   2.95171471 -16.3228622 ]


[ 16.90518015  14.28304181 -11.656708   -18.51511704  13.00311082
 -25.77467769   4.6369127  -57.4389194   -5.06128079  36.25682078
   8.07041076   5.18950376 -15.28461065]


[ 16.92549223  14.09370005 -11.08902953 -18.41846048   8.59066761
 -24.67551348   4.41046409 -53.51206462  -4.94626733  38.0739
   7.34420213   2.68854959 -14.5246702 ]


[ 16.99507433  16.32632287 -10.48101016 -22.10055107   8.19352178
 -32.35602035  16.98344913 -63.15131014 -10.12802097  45.94805742
  -3.08640909   5.06231863 -23.17323738]


[ 17.01861486  17.2982317  -10.01508489 -20.30682802  11.09315493
 -35.67644537  21.82670665 -58.50679756  -8.01327246  48.64304409
   0.37822452  10.93832051 -23.47283249]


[ 17.1139417   15.2023833  -13.51078749 -23.90748177   7.48009727
 -38.36219266  17.25707043 -59.11419778  -7.55493548  44.92845021
  -6.95900634   7.911804   -15.73220871]


[ 17.29699845  14.77976291 -13.19752917 -22.32734694   6.43991418
 -36.58687638  15.90741946 -55.60669985 -11.47746124  42.61729505
  -0.21651839   7.14286025 -19.33194244]


[ 17.36869411  16.00408168 -15.32705885 -22.36818945  11.86300554
 -41.98303089  18.12718656 -57.65129255 -14.58622426  41.90528574
  -2.85886006   9.53778299 -24.31079836]


[ 17.36836317  18.1550888  -17.29331347 -23.96171835  16.18533413
 -44.87448875  19.0395558  -58.00636075 -10.96969543  38.32793658
  -3.80836835  16.37012345 -24.07059753]


[ 17.4562677   12.12688433 -13.58422385 -21.60201784   2.51263444
 -24.00067948   1.6527331  -44.99980048 -12.68824381  22.62109822
   9.78896265  -0.55238293 -15.33758246]


[ 17.42394367  13.81112904 -14.83493608 -24.11753459   5.47073281
 -33.72058491   7.2613311  -54.44316206 -17.3336356   27.72280994
   9.69518998   3.85290168 -22.49777258]


[ 17.39452288  16.91015838 -14.73102029 -23.37322837   9.71765395
 -36.25014241  19.64425215 -52.49670586 -15.06257459  31.02814567
   1.67108757  11.99378494 -25.49821115]


[ 17.29724875  15.04328582 -11.62997696 -20.54051095   5.80389241
 -27.99797255  11.61014505 -50.45143758 -11.62461134  35.38534162
   6.63514278   8.15250082 -24.41958305]


[ 17.13586387  12.25399536 -11.99476408 -21.86499612  -0.56526741
 -22.81565436   0.93428302 -53.10855484 -10.03087788  31.25737064
   3.93053641   2.80592172 -15.8610767 ]


[ 16.97969733  12.20504101 -12.41302647 -20.81453141   2.04321768
 -25.09603637  -0.84037856 -53.34465292  -9.09389663  29.58971463
  -0.44642209   4.35060337 -14.7528876 ]


[ 16.84029306  16.63624438  -9.58630462 -22.18795067   6.47102271
 -30.39405845  16.47884562 -63.72683117 -14.20915595  38.93132715
  -1.56310795   7.21905072 -20.46292393]


[ 16.75693494  15.90182294 -12.25548934 -22.4946315   10.1033031
 -31.91147893  12.90843731 -60.41888981 -14.37949513  31.37266453
   3.38953098   9.94977378 -10.37718504]


[ 16.81650668  15.3718178  -12.08948241 -21.88989552   9.5333072
 -29.94557008   8.70274601 -55.34230263 -16.10352708  26.53453919
   5.45503367   2.71040897  -9.44193772]


[ 16.74011565  16.81297966 -11.39266684 -22.54239688   9.92413098
 -36.71136447  18.13556964 -63.22093357 -19.56879319  36.38252298
   4.9194901    4.16977601 -20.96641144]


[ 16.64525002  16.94720498  -9.50273338 -19.06307728  10.15913493
 -28.16233556  11.99169671 -54.28620383 -11.86282092  31.2137431
   4.99646333   2.87548625 -13.7851475 ]


[ 16.56177868  17.61933555 -10.7114729  -19.6278233   12.25573585
 -31.39688966  11.38561744 -56.92676058 -11.27617219  34.54710611
  -1.68632565   7.87048952 -16.8434524 ]


[ 16.46766805  15.10971166 -10.73591462 -20.92241268   7.7641366
 -30.5789976    8.22191798 -61.08819038 -12.77079984  37.43356854
  -0.9866666    1.9420196  -16.80220132]


[ 16.537966    13.78768223 -11.5498787  -18.625809    11.32807561
 -26.63117506   5.26748276 -58.71711577 -10.41076279  34.85678896
   5.29853766  -0.32853367 -12.30333915]


[ 16.49401659  14.72725391 -11.07603095 -19.17097672  11.48864701
 -25.79315912   8.52045626 -56.73467014 -10.59332418  33.9796511
   7.99789513  -4.25812418 -10.29214409]


[ 16.47592213  17.64791905 -12.84302885 -22.79907372  15.45202307
 -35.6787939   17.10298206 -63.28228959  -9.84596194  43.49161311
  -2.57843911  -1.17472404 -10.78396362]


[ 16.44247598  15.34693851 -11.82784679 -18.79083971  11.01790113
 -32.65243874  12.99646682 -57.16394007 -11.1989273   35.75680027
   5.82886232  -6.07106794 -13.4930468 ]


[ 16.49870682  17.32328708 -12.5848297  -20.63002356  17.65710777
 -38.81735903  20.2862769  -56.43766127 -17.13511559  42.56129295
  -0.06546153  -1.21770432 -12.70362982]


[ 16.44156375  17.64698524 -13.20682932 -22.66163501  15.50538773
 -36.54560301  17.37941152 -61.75853185 -11.06320055  40.26483324
  -2.72342765   0.69071857 -12.0198869 ]


[ 16.40088165  19.36021885 -11.35951825 -23.69769207  11.51682617
 -35.49696116  21.96760631 -60.04733595 -11.00703038  40.16403023
  -5.78083271   1.68224001 -15.30652163]


[ 16.4928757   15.77229977 -10.05547632 -18.59421446   9.62784442
 -26.71272566   6.06282869 -52.69543248  -7.69114454  32.38798064
   3.95232085  -2.14221853  -9.3943613 ]


[ 16.57445283  19.89399035 -14.39145868 -24.9933803   19.11338374
 -46.6688425   27.82769971 -66.07222645 -13.69511412  48.84169219
 -16.04864244  14.04724041 -21.71734237]


[ 16.64021168  14.03941049 -11.78347895 -22.06725816  10.10113691
 -27.21402216   6.87923708 -59.53326547  -9.11496931  33.12231117
   1.13607469  -1.07600717 -11.27882488]


[ 16.66669751  17.06255624 -12.11391881 -21.8900766   17.31545977
 -29.29218477  10.61276027 -59.97816334  -7.54491172  33.62191461
   1.36673942   2.24823464 -12.39337061]


[ 16.68156227  15.03102292 -10.98446615 -23.50098384   9.65037349
 -22.88726115   7.27858427 -57.4632058   -4.61097135  32.12074435
   2.00871136  -4.71954464  -6.90879894]


[ 16.70546435  18.39410506 -12.54254832 -26.43658156  14.53784922
 -34.26485769  18.47974441 -66.45755856 -10.2529513   40.3250373
  -1.64008229  -6.47534466 -13.27057387]


[ 16.64301228  16.22182554  -9.67250915 -22.84291815   9.89690511
 -26.83317925  11.25793673 -59.23539728  -9.88976023  36.22034298
  10.5294637   -7.10805356 -12.45807301]


[ 16.60740219  15.51778972 -11.89170426 -21.02006132  12.30857018
 -25.31254397   8.63112636 -55.86761784  -9.14407579  29.85888452
   6.7230021   -1.32447347  -7.35413605]


[ 16.64250006  15.27107803 -11.81227595 -22.12007141  11.18362569
 -26.72562493   8.45590797 -60.41289679 -11.55691527  33.42495337
   5.16621206  -3.58729542  -9.40809316]


[ 16.69373483  16.10390953 -10.75168507 -22.75699125  10.83842295
 -24.82802217   9.5954815  -59.45203794  -9.17521339  36.60902883
   6.54349729  -5.11365145  -6.38862268]


[ 16.66586073  14.60228894 -13.42134594 -21.7578236   10.76214971
 -27.62112355   5.7541753  -55.98347479  -9.60997957  29.64984086
   3.96349817   1.0116526   -5.77379071]


[ 1.67048662e+01  1.40094332e+01 -1.31029424e+01 -2.19091616e+01
  1.04547641e+01 -2.96852456e+01  7.60812453e+00 -5.52042456e+01
 -1.24440875e+01  3.13812847e+01  1.14629203e-02  9.55922353e-01
 -7.91821532e+00]


[ 16.72507299  15.24246774 -10.11182647 -22.04281896  11.02094186
 -27.7891214   13.13207417 -58.65068992 -11.03389829  38.16669324
   0.38029912  -1.80248343  -9.08178642]


[ 17.02081469  13.63031754 -13.35672998 -23.39059656   9.89580972
 -29.68683063  10.30531084 -56.92546529  -8.25199512  36.39583289
   3.47081734   0.76936718  -7.58642219]


[ 17.1055237   13.88341856 -13.00865084 -24.08748691   7.16679226
 -27.71376823   5.93551345 -58.77858238 -11.04810386  32.83122974
   5.59953544  -3.46753889  -9.47221247]


[ 17.16265029  18.04589031 -14.97098909 -26.6818027   13.87439871
 -38.95387465  18.09523598 -69.37126607 -10.87020538  46.06662412
  -3.61073274   6.08786146 -16.30232588]


[ 17.08852721  16.03014375 -10.19636787 -23.68207267   8.2857244
 -23.62589512   5.1060352  -60.0538508   -5.93657635  39.17023566
   2.85337105  -3.24577768  -5.85472563]


[ 17.04175063  19.71974007  -8.49698854 -25.56551777  11.15252542
 -30.89323686  22.06177388 -68.62407835  -9.47120908  48.46832749
  -2.71223241  -5.06524613 -10.7282901 ]


[ 16.96706429  18.49060671 -14.567894   -25.15427181  17.39360934
 -44.62798866  19.54563062 -71.02973564 -14.89427129  43.58344289
 -10.76298228   6.53110611 -11.79724189]


[ 17.01219117  14.13460715 -13.48524299 -21.48537459  10.94514572
 -31.79529935   4.49125549 -62.08933459 -12.53251428  31.24372609
  -1.47321406   1.04639943  -8.57490847]


[ 17.06088772  17.88981326 -13.14998434 -22.81250681  18.51569457
 -39.6319563   17.08426863 -64.74390329 -17.35029235  40.33684726
  -1.69132386   4.62936465 -15.09654   ]


[ 17.05443355  14.9832355  -14.25507587 -20.41919282  16.04785589
 -34.32932917   5.26690843 -55.89452961 -11.88348692  29.45201791
   2.44248634   6.65080431  -7.44962705]


[ 17.03642034  15.9000068  -13.27238307 -18.33892199  15.54598422
 -34.90717713  10.60231228 -56.40671649 -14.22966407  27.43863986
  -1.8590649    6.71793553 -11.34172372]


[ 16.95127878  15.63711114 -11.96554285 -21.14546344  10.41696972
 -35.86430392   7.10998178 -64.80997232 -15.62165036  34.64035904
  -2.2865837    6.97126868 -11.26190199]


[ 16.96792744  16.11932513 -10.04830159 -19.50093292   8.97359916
 -31.18959481  10.87793024 -60.52956737 -12.82882833  35.20616956
  -2.09027972   7.58553948  -6.47290802]


[ 16.97954597  14.80863173 -11.08783261 -22.1758007    7.26077156
 -33.99732569  10.24784439 -59.34534877 -18.90226218  35.8462779
   3.25629414   6.21860069  -7.42119627]


[ 17.1201088   15.89553196 -12.86388334 -23.04257094   9.935827
 -36.68620678  10.27248628 -57.07332807 -15.02372969  32.38113891
   4.59062282   6.85301058  -8.86991497]


[ 17.1002801   17.493255    -9.939833   -22.35218206  13.48005137
 -33.56895195  16.20803325 -55.62127579 -13.22926531  36.22129021
   2.91441831  -0.07720408 -13.00037817]


[ 17.19877725  16.91299515 -11.51733425 -26.35929768  10.11708469
 -37.58657336  13.51558838 -63.63320208  -8.5451595   41.8813434
  -0.95138828  -0.76179297 -11.32053975]


[ 17.17041801  15.06919621  -9.81164154 -25.68210613   5.48289482
 -33.16103484   8.44391534 -63.10913786  -0.81103012  41.52545806
  -4.86630714  -0.95113835  -8.36831275]


[ 17.19587855  20.22476311 -11.95946551 -26.54660916  14.36242088
 -52.63267087  25.14808855 -65.63484981  -2.68838062  52.61979585
 -10.22592607  12.11610931 -24.15297542]


[ 17.07356734  19.58436601 -10.70842261 -27.06732904   6.91797611
 -48.3997843   18.42719394 -52.43698159  -4.94186719  32.6072787
   2.01737811  -1.72344819 -22.62046241]


[ 17.04812213  16.57520698  -8.49888059 -23.23005434   4.3555451
 -38.46148674   4.35798946 -41.86277522   1.34244404  31.12965806
  11.58117501  -7.37597094 -12.8466987 ]


[ 16.99584041  18.26648331  -8.22550302 -23.2860468    7.99641759
 -44.17072018   8.75068632 -50.04271869   0.24065895  35.46796575
   8.72752744  -8.35425882 -16.49165264]


[ 16.93819652  17.42914472  -6.65087422 -21.98118998   5.76030175
 -29.85664163   3.72336622 -39.81865929   7.34719354  25.90687241
  15.8006224  -14.18854318 -15.09671187]


[ 17.02332729  19.1379226   -9.08681017 -26.63762593   7.14286618
 -42.18820663   6.19233156 -54.70127154   1.22224058  30.87024486
   7.95078978  -8.36507364 -17.85391352]


[ 16.96346811  17.88077264  -6.01630809 -25.22545158   4.11876049
 -34.13888872   5.37917467 -53.2785762    2.69497051  33.91034343
   3.49813768 -13.78521235  -9.08565305]


[ 17.13083183  19.77957801  -6.64991472 -26.14429848  10.82638948
 -37.7924008    6.14946804 -63.01246659   3.06456125  40.85496155
   5.41143704  -9.01912652 -11.32495527]


[ 17.16451681  17.84982643  -9.32677727 -26.87054488   5.88558199
 -33.74399273  -2.24825597 -53.35254022   3.78120794  25.82888012
   3.46317022 -13.91223846  -4.62765234]


[ 17.16504891  17.17231131  -7.8595012  -26.83284295   3.84434515
 -35.83445265  -2.28496349 -59.81950335   4.12935989  31.91207776
   8.2999721  -13.35117803  -8.6277484 ]


[ 17.08469368  18.60176612  -8.00118387 -27.51061893   5.57491852
 -37.30613058  -2.25788719 -58.19410371   2.99482524  32.36370822
   6.42508333 -14.26711903  -7.05853357]


[ 17.05091202  19.23100115  -7.03152253 -28.34088417   3.66542733
 -38.46870767   6.20805762 -61.09547956  -0.40053214  37.08401784
  10.4140887  -13.23025678 -10.21350141]


[ 17.04011501  22.55772456  -9.47805406 -30.14800755  13.42884492
 -51.4859299   16.82159831 -64.67389653  -1.38273826  45.0108327
  -9.10085837  -3.92197834 -10.45997493]


[ 16.97426593  16.72611991  -6.79870901 -25.9606224    3.67368767
 -29.62499956   2.17422472 -52.87925336   5.92174971  31.70687787
   7.23351912 -10.42169254  -5.60906593]


[ 16.99804223  19.97423186  -9.77513253 -28.41911932   9.73207174
 -41.52656093   7.4121343  -60.94206529   2.31179034  34.01500425
   5.70963323  -6.60369765 -10.02474673]


[ 16.98071345  17.7261488   -6.47644137 -24.37554634   7.93186017
 -32.07914227   8.4530372  -46.08187811   6.75614122  32.98929687
   2.2068783  -10.38895818  -4.77891327]


[ 17.12295189  19.29376212  -8.76676591 -29.52286426  10.90616016
 -46.14403144  12.93724293 -65.87911637   2.91038042  46.05606075
  -4.34542566  -4.71139982 -13.90511943]


[ 17.14065236  17.62882436  -6.10576445 -22.70663783  12.07046919
 -37.60185488   6.94805865 -60.84365038   7.53161053  44.93736224
  -5.88956971  -7.31146447 -12.50634412]


[ 17.09568319  15.12600987  -7.7923221  -23.70771684   4.95941599
 -34.76236791   4.56974218 -56.90471813   3.96311433  39.39456661
   3.65094632 -10.69262873 -11.23070677]


[ 16.97758564  21.78319872 -13.60719452 -28.29817015  19.3723843
 -52.17043485  18.29304074 -64.65769126  -0.40179929  42.11554469
  -6.30915093   0.86555425 -17.34403533]


[ 17.00084497  20.75879525 -12.25761769 -29.34981761  15.60958277
 -47.30320827  16.8469301  -63.93953365  -1.81509073  43.4005459
  -2.2987694   -1.88126035 -13.74041556]


[ 16.88192267  19.1629101  -11.4540588  -28.70155802  12.32258712
 -38.98403853   5.47262336 -62.68914521  -0.95811316  35.04568505
  -0.69654666  -8.24628459  -8.47416009]


[ 16.75123379  18.34510433  -9.27666246 -24.63464676  10.08419708
 -35.85974369   8.77512839 -53.4882396    1.83106094  32.37189832
   2.68377579  -9.24699983  -8.04867634]


[ 16.48137547  14.1975378   -7.69992101 -22.40004074   2.51088985
 -39.7229272    2.54378221 -57.96140413  -6.94121223  31.01109555
  -3.44029469  -8.7989215   -9.26557112]


[ 16.33848988  14.32230457  -4.52097531 -20.79428181  -2.17737716
 -36.71302593  10.05232315 -55.14238177  -5.8337632   32.97849431
  -2.56623114 -12.75840048 -11.36937249]


[ 16.45245525  18.86608396  -7.46168309 -25.01299271   8.33930734
 -42.41359594  10.5439787  -61.66990192  -6.03757399  32.92401857
   2.91706176  -7.76392218 -13.46192887]


[ 16.47897856  19.88668441  -4.56171017 -25.49089186   6.41380311
 -31.33640203  16.25831652 -52.8006373   -0.65183173  32.33793572
   3.38316499 -11.13946909 -11.13834124]


[ 16.528088    20.22683864  -8.68632016 -26.65585173  11.01730342
 -45.53064847   6.94883027 -62.76608431  -0.7926545   34.85218326
   2.80434501  -7.32114072 -15.2826785 ]


[ 16.49670116  18.84924524  -7.15752401 -24.7779129    7.54784317
 -38.10827176   3.54275071 -55.34413017   0.27868271  32.58557938
   2.04124207 -15.94676609 -12.6442348 ]


[ 16.36178439  19.48986301  -6.00371753 -21.57788074  12.90517288
 -42.67480392  12.75883777 -63.15927272  -0.72218118  42.04471471
  -5.51331577  -5.62744009 -13.05080606]


[ 16.29923298  15.58477525  -6.95008564 -18.60964763  13.62488313
 -31.80075506   5.39232189 -62.2386424   -2.29249811  31.43137245
 -14.88748304 -11.19798015  -2.18987517]


[ 16.26429077  14.27912425  -6.00530662 -16.83680739  14.44053522
 -37.64442373   8.31994144 -67.93602334  -4.61422487  43.69248123
 -20.70895808  -6.66912674  -4.48803712]


[ 16.15248606  12.64813629  -7.13676351 -18.80485543   7.70154622
 -28.42497758   7.0709155  -63.1324174   -9.28945216  32.24829973
 -19.30766404 -10.78210522  -4.17452832]


[ 15.99938227  12.12535338  -5.58323753 -19.00354326   0.37840461
 -23.84895345  -1.37641495 -62.01480742 -10.19819747  33.31033684
  -6.14887612 -12.27054333  -9.82840478]


[ 15.94710723  19.82790678  -8.97998576 -25.16315334   7.6002936
 -35.79815981  17.35805556 -59.82993448 -12.73573802  30.81018969
 -17.2939841   -7.76107317 -10.44126364]


[ 16.00274403  18.14665443  -8.75285163 -22.89995342   6.72936312
 -34.92238915   7.68783375 -60.90200435 -12.30358948  32.68607054
  -6.54243916  -7.18062019 -13.28683446]


[ 16.25442285  17.08515497 -11.5863706  -24.32582298   5.57168855
 -36.5332754    4.35784411 -54.12688966  -9.54533109  27.68380706
  -6.41212347  -9.47432641 -11.83241886]


[ 16.40350334  16.26113513 -10.43507318 -25.23204796   5.20643373
 -33.51898177   5.58500023 -58.5114031   -6.99528734  34.45457807
  -2.85188424  -8.26084989 -16.16012653]


[ 16.20252874  17.77490674  -8.71161146 -21.86647376   7.75549238
 -32.68040107  13.15732766 -60.00654603  -9.19342013  33.20186386
 -11.91935564  -5.39621462 -13.17918686]


[ 16.05934628  18.58107019  -9.73950416 -25.01849626   7.01118164
 -40.43690296  17.70162374 -71.96130498 -16.99759812  39.59585772
 -20.06662191   0.2886204  -12.33170237]


[ 15.90966672  19.30135494  -6.92614481 -21.93188018   7.79056363
 -30.05463677  13.00357607 -65.38127542 -14.68053164  29.14408011
 -21.30566358  -2.03966809  -2.06843576]


[ 15.91332703  16.50420429  -7.76565845 -24.0678088    2.5403783
 -22.95884298  -1.44420746 -59.60489232 -12.55949272  16.26446046
  -9.33443831  -8.66156669   1.14736468]


[ 15.74383442  18.55464914  -6.04935066 -23.68397513   6.99315739
 -30.0426815    6.12662913 -60.61657003 -12.74969992  21.17641416
  -8.94325016 -10.60615125   1.64830514]


[ 15.86454579  16.40333957  -5.71942041 -20.53122673   6.00370242
 -28.7036907    6.36625959 -58.92171421 -10.35747631  26.04245918
  -9.9451197   -7.18527642   1.26413033]


[ 15.73764636  18.93144562  -6.21912326 -21.33252439   6.89913736
 -31.15315335  14.26763324 -58.46184577  -7.96797154  29.37323749
 -10.15564514  -3.68934684  -1.96770123]


[ 15.95072869  20.95086627  -8.01375607 -26.45942062   9.02989943
 -39.659614    19.59808608 -70.15785519 -13.89422852  37.74892161
 -15.36704231  -3.40693514  -7.22592341]


[ 15.84580424  20.83962911  -9.17565419 -28.10071169   9.46829966
 -38.05268366  14.06258689 -70.85772752 -13.81519102  31.5503004
 -12.91601356  -5.96260495  -7.7383338 ]


[ 16.2312357   20.53215962 -10.36841291 -28.97291868   7.91103259
 -36.98658786  16.01297007 -72.25892274 -14.89196244  33.84702553
 -12.88400985  -2.19314219  -7.06201193]


[ 16.17201289  20.41672981 -11.66765406 -28.64506076   9.75003407
 -37.32324886  13.37264904 -71.29657123 -13.42000479  28.98415247
 -11.97839129  -0.73147182  -7.084743  ]


[ 16.33613487  19.12875848  -9.15470042 -27.48595991   6.39931983
 -34.53825819  17.8114047  -75.37366678 -19.86818858  32.6995578
 -14.52644019   1.50805811  -6.82937758]


[ 16.07694211  20.47607523  -9.55920172 -25.89633427  12.16131982
 -35.42568796  20.50786175 -72.93182034 -20.75196676  29.87942136
 -15.47040396  11.3716712   -1.4619731 ]


[ 15.73468091  18.27541149  -7.51167019 -23.87319161   6.15835861
 -32.94358743  12.99300704 -71.89564555 -29.92276018  22.21951198
   0.70115945   6.8760403   -3.59905595]


[ 15.70259732  17.51346069  -5.23945952 -21.66085425  -2.53958699
 -29.09842828   4.92812989 -62.51468236 -29.33079442  15.1929686
   6.6876629    3.88464419  -4.69740995]


[ 15.61676965  17.41311705  -6.64706831 -23.54576987   0.08575296
 -33.24755205  10.68942345 -68.04251951 -29.09755518  21.37193213
  -5.11758927   8.82552485  -4.68794847]


[ 15.56330077  18.11821957  -4.67326991 -22.26137816  -0.27941317
 -27.78861935  10.32947682 -60.40568684 -21.80157859  19.26065041
  -3.37451775   9.13260409  -0.24731359]


[ 15.7531828   15.91617519  -7.83105469 -25.51332449  -4.08147376
 -27.9876861    3.46635916 -67.21871289 -22.53190855  18.57169846
  -6.83698571   3.77870557  -4.75862616]


[ 15.75212071  19.7807166   -9.46932454 -29.15558295   4.12628978
 -36.67564778  12.14029073 -74.25741923 -20.95472749  26.91689207
  -0.75042573   6.81338435 -11.30277033]


[ 15.76947366  20.45390416  -9.72557691 -30.56620797   6.34099063
 -40.96299992  10.73782034 -82.56682872 -22.80507401  30.11929708
   1.24326809   4.11524792 -18.31971412]


[ 15.78875195  22.30318131  -5.35173404 -28.95920012   2.66958141
 -29.14961479  12.51844662 -68.31099267 -14.78721758  24.90124547
   4.91327327  -0.88701916  -6.33441725]


[ 15.88666425  20.17466603  -5.95517356 -27.15760255   1.18473712
 -29.54102722   8.88582331 -64.06621666 -10.27458407  29.29833357
   1.20606462  -3.45628514  -5.63784896]


[ 15.97818572  17.47547981  -9.36567092 -25.84859799   3.33768647
 -43.14967145   2.15015729 -72.55278638  -8.23584174  39.18450842
  -1.11899471  -5.77715646 -13.78432079]


[ 16.24373845  14.56268042 -11.74041836 -29.57679687  -3.66148711
 -47.20251052   3.01002648 -69.50845197  -9.26069068  40.56739306
 -11.7249351  -10.68601844 -14.14881398]


[ 16.27611451  17.59034955 -11.1186518  -27.51861248   6.14340387
 -51.54932045  16.81699253 -73.80477349  -6.71021343  54.91962814
 -16.00701589  -4.0434031  -19.69193284]


[ 16.4706442   15.91822912 -11.81945149 -28.60399419   0.78140433
 -44.02853111  11.92963151 -65.73520408  -3.09228088  46.76123144
  -9.62763627  -7.60616789 -13.9774492 ]


[ 16.33499954  16.46000714 -11.57732122 -27.71064797   1.74167077
 -43.56880836  14.27313274 -65.1220899   -4.80142365  45.62581712
  -8.84609041  -3.75805271 -14.26588323]


[ 16.45973484  15.8080914  -12.19849239 -30.30195012  -4.99127997
 -46.13331749  15.13722921 -54.18282819  -4.74232918  43.87294479
 -11.60693162  -9.85288378 -15.26000494]


[ 16.17526595  19.3843271   -8.74460933 -27.84123855   1.71020143
 -45.89477908  27.59044145 -53.38453118  -2.10063521  53.47995003
 -10.43751447  -1.85039622 -21.50378115]


[ 16.24902697  13.04614906  -7.25666018 -30.74736729 -19.15341405
 -26.65902946   6.82924791 -40.2619892    2.66953945  31.93685707
   0.95740131 -11.71424501  -5.52779997]


[ 16.00145348  10.85201999 -11.6181033  -30.85609448 -18.27317363
 -33.93116368   3.39830383 -45.31751664  -0.360826    30.29865162
  -0.23730447  -6.23247238  -6.5460149 ]


[ 16.44413409  11.80634966 -11.21222636 -28.06069268 -13.14285077
 -34.33910397  -0.75204958 -44.55766945   0.45040197  28.78266462
  -1.36938296  -7.37688006  -5.28683738]


[ 16.64999433  15.79621771 -14.01386418 -32.27634981  -5.28413058
 -49.08905754  12.35178406 -60.4255097   -7.08685348  39.058105
  -8.23221316  -5.11876163 -13.67499882]


[ 16.57656266  14.87488324 -10.28335451 -28.82239797  -7.86994102
 -46.35637475  13.86108402 -58.64552736 -11.67873506  37.73500577
  -6.7158698   -2.80908297 -13.49544421]


[ 16.70973932  14.17956404 -10.6017793  -31.84488454 -10.82185087
 -47.97255057   6.19488453 -65.04499435  -9.3755928   38.38940014
 -13.58396559  -4.4746328  -11.35557589]


[ 16.7675793   16.96424525  -7.03176955 -24.68816831  -4.52005784
 -35.45447998  13.37692745 -49.63147617  -1.4320782   37.00610001
 -10.44006267  -1.91500121  -4.51917367]


[ 16.55304689  17.8005394   -7.5618454  -26.5627707   -4.08562882
 -39.43544821  15.13662629 -53.82085268  -4.86403792  39.67897379
 -10.36619051  -4.17517163  -7.21329044]


[ 16.55261536  16.39431113  -7.33845033 -26.48293485  -6.53917243
 -38.80682881  12.61134646 -48.5921224   -6.83962043  37.33518073
  -5.79485032  -4.70047705  -6.86291449]


[ 17.05550046  19.22144572  -9.7499607  -30.82437779  -2.43960896
 -45.7166493   25.61105848 -56.52048658  -8.56580677  44.6763842
  -9.62628163   1.585491   -12.77436119]


[ 17.1147345   13.07620728 -14.09268643 -34.03338705 -10.89726655
 -44.35202306   5.95953982 -54.93876402  -7.80162098  31.58300298
  -3.75453962  -5.71021638 -11.04940316]


[ 17.17055922  17.16203993 -11.27117234 -34.46763644  -9.63578401
 -43.28307376  17.55732084 -55.38441657  -3.99446186  38.28210061
  -9.53821815   1.25797796  -8.74657179]


[ 16.95349696  16.10329412  -5.84851011 -29.66110128 -13.23832641
 -26.04965064  15.79189121 -47.34864242  -0.83634626  34.98010022
  -8.8482838   -3.22032049  -4.1656462 ]


[ 17.19012334  14.66727119 -10.94186728 -35.29865559 -14.88958324
 -41.05197269  13.72634348 -57.38062407  -3.80499537  39.0902569
 -18.70230465  -1.31013375  -3.38870978]


[ 17.48948161  15.25804607  -4.09804158 -24.75610113  -8.96145959
 -25.94811219  12.07937308 -43.96763568   5.54286436  38.57095199
  -9.83894322  -6.11464813  -0.94990721]


[ 17.76816857  18.66483404 -10.55749886 -35.87363473  -6.98224443
 -53.67278411  23.08253318 -68.76816884  -7.31887335  49.25136722
 -22.56223288  -2.14379229  -9.55854594]


[ 17.92557956  17.89379238  -8.72903313 -30.69531773  -6.05183859
 -45.44335973  15.97201064 -56.69600294  -2.55653745  40.23201304
 -11.59328395  -4.97160768  -1.58168847]


[ 18.05324111  20.51393711  -7.80267982 -31.09944598  -2.54879094
 -51.44793321  25.16203835 -63.50953997  -6.93486117  47.50984201
 -15.79693481  -3.33769012  -8.77578125]


[ 18.24029217  16.68825063  -6.50373931 -26.76604123  -7.0134866
 -39.99914513   7.29217713 -48.88942027  -3.09072857  32.72959485
  -8.01236364  -7.31135817  -1.69156499]


[ 18.36392302  16.89194335  -2.06909435 -22.35298154 -10.05700091
 -29.06556769   5.76145659 -40.82727203   3.29790304  23.72182213
 -10.99573042  -6.55329493   0.12073901]


[ 18.34776827  19.6430631   -5.23921654 -31.78070304 -10.09523519
 -43.44926228  17.89620584 -59.92923831  -7.25407404  36.34384437
  -9.58427418  -4.38282821  -6.71752302]


[ 18.22235175  17.68613681 -10.06731648 -33.55496356 -10.47169333
 -46.34488846  12.86839319 -55.82432109  -7.22428897  30.97312946
  -7.60206367   1.9483906   -2.01487509]


[ 18.128446    18.43376666 -11.26226904 -36.83825816 -10.30040983
 -51.09695955  21.14570139 -67.42639271 -13.3845169   39.93425545
  -8.82792716   2.32393226  -9.12906258]


[ 18.15948601  21.47650435  -9.52723723 -32.03062444  -0.2439417
 -47.19325929  29.04395827 -59.02212573  -7.61020524  43.2043446
 -11.49331855   8.18818682  -8.38548247]


[ 18.18848745  19.70401652  -5.96230001 -29.5148885   -4.3086396
 -32.26236664  23.68633867 -45.87505057  -4.20965838  32.7252146
  -2.62203436  -2.51040885  -1.74557165]


[ 18.29788196  18.93181049 -12.96852335 -38.55950285  -8.202006
 -48.86633658  24.80702451 -63.54937673  -7.34069931  41.4295537
  -8.43333343   2.98994293 -10.25969106]


[ 18.13322629  18.02042529  -9.26850259 -34.47165888 -12.48508493
 -32.22795889  20.77354131 -51.29323768  -1.30440378  31.97283169
  -0.83852829  -4.52734041  -3.57485407]


[ 18.18946033  15.17786708 -15.25282345 -41.2573706  -11.76668079
 -37.04926718  18.68112733 -55.12127635  -3.89820642  39.7640545
   1.82380458  -2.20394324  -4.34971417]


[ 18.0921084   15.37510537 -10.29827593 -32.48308736  -6.931797
 -21.49913358  14.33914841 -41.61449842  -1.13468175  28.52312534
   8.47379625  -3.26990029  -1.69191543]


[ 18.27766026  18.59863815 -16.07244427 -44.16452526  -7.48820052
 -46.30253068  28.85887142 -67.29879904 -13.4776011   43.22713041
  -7.22229687   3.52135708 -14.59390903]


[ 18.17742595  20.54632525 -10.83097523 -36.44401817  -2.05242906
 -37.45933626  24.62455876 -54.89406311  -5.29674761  41.04729238
   1.97565232   0.89803805  -8.6457796 ]


[ 18.32564394  17.73037509 -14.92205541 -43.3047881  -11.15031727
 -45.37421428  22.23763594 -63.51419421 -12.05498871  40.23608079
  -1.01301333  -2.37731987  -7.63590566]


[ 18.21110306  14.94836052 -16.64178572 -42.0964908  -11.10167566
 -42.55255057  10.70056278 -59.70352167  -8.78751272  31.29296959
   3.45996577  -3.68832732  -5.94266765]


[ 18.39651304  15.75051657 -17.40870295 -42.37056197 -11.35671627
 -40.66870833  16.74177181 -54.98372964  -9.13670756  33.29687549
   4.169348    -2.41493663  -7.68989115]


[ 18.44375969  19.24193816 -13.12201462 -35.73075865  -2.04269144
 -32.14440515  27.34857758 -48.28977611  -0.43918215  37.2365827
   8.48433861   0.21276737 -10.63288866]


[ 18.60664484  16.68437474 -16.18456445 -40.64613691  -8.93639806
 -35.94686212  19.30446027 -49.51175898  -4.41048578  35.14484807
   8.59721675  -4.46222676  -8.37510041]


[ 18.56966133  20.558734   -12.07389726 -36.03052944  -1.5825678
 -33.91102374  30.86173552 -47.48206661   0.77243544  37.61996089
   6.36437019   0.43094266 -12.57408102]


[ 18.72103724  15.58213972 -14.10963641 -38.28649515 -10.67151403
 -36.04461807  16.39554681 -46.97689902   0.15284977  37.7023332
   8.33891816  -1.48709433  -8.14563772]


[ 18.80094624  13.36867295 -13.90335362 -33.85897363 -13.03261378
 -29.42419665   4.46224909 -36.02250673   1.33375159  20.76310352
   9.41544077  -7.72549954  -4.5601594 ]


[ 18.92338697  17.84187695 -14.11614629 -44.05693556 -14.37952101
 -40.29091656   9.99523574 -59.48595775  -3.1396849   33.93455089
   6.66575676 -10.90694582  -3.89000474]


[ 19.07303837  20.26393637 -12.98073792 -38.16080407  -7.7670357
 -42.99209994   8.46426064 -55.15500149   0.91226666  30.64655447
   0.49913147  -9.19293944   0.30946203]


[ 19.28109942  22.32315796  -5.28532165 -27.91091021  -5.14774093
 -31.07918657   4.01531091 -47.64646021   2.83146149  26.53005816
   0.45219212 -13.33582876   2.40879046]


[ 19.48891985  22.34632871  -4.27564377 -23.98522486   0.32511582
 -32.02707745   3.04603492 -47.7852744    2.72764785  30.09378552
   6.78376301 -15.58606269   2.43953173]


[ 19.73645871  21.71235918 -12.75978952 -33.47279117   1.28765634
 -53.6072714    9.37973181 -59.45578118  -4.15829065  35.60469818
   2.2690022   -7.01631229  -4.17456877]


[ 20.20093181  15.77068976 -12.8030942  -32.41333018  -7.07756373
 -37.84705114 -12.48852587 -48.08243662   0.52651457  17.45276221
  10.22026118 -21.21734695  -7.14048526]


[ 20.33238713  18.97505309 -12.73209426 -33.99612124  -5.30346912
 -40.60403675  -1.09851738 -48.29466529  -1.38994656  22.18273625
   6.83051357 -25.18761942 -15.03428022]


[ 20.30146937  18.10959184 -12.0822634  -25.77097269   4.18926977
 -45.86528204   8.18102987 -54.53258538  -1.36546275  41.57479321
  -0.24307246 -10.77383331 -21.62734512]


[ 20.20208302  17.22461371 -15.9876364  -23.63019216  10.76217886
 -58.55348351  23.37423674 -52.99645592  -8.75885577  47.02265582
  -9.36084492  11.11043381 -35.08455319]


[ 20.14796668  14.81549151 -12.69071605 -17.38314017   9.58693895
 -44.52988493  17.34775003 -44.15759175 -11.77903879  34.17760374
   4.08459894   2.16088735 -24.01993834]


[ 20.0690082   12.61379969 -13.48498778 -19.95753266  -0.38722734
 -49.91517308   8.58097635 -31.26821892  -8.63102091  19.73602727
  13.48258556  -7.5160025  -26.776883  ]


[ 20.05888124  14.09906275 -14.66601798 -21.4064777    5.08978762
 -51.13203759  20.02626854 -31.56632876 -11.79467728  25.62150037
  16.65850363  -5.5838313  -28.26240125]


[ 19.82757198  14.1628686  -16.06712065 -21.82129581   7.39743321
 -53.07563545  25.80476128 -32.96807334  -6.81360326  35.52562137
  10.04443277  -3.84585749 -28.81027254]


[ 19.70915831  12.57542401 -16.24949308 -20.741302     9.45373146
 -48.23083748  25.21122344 -31.50896822  -7.58750449  35.95692121
  13.59773072  -4.08172855 -25.96929158]


[ 19.66238117  10.88034812 -20.33333818 -22.90735581   8.93390677
 -59.22678058  21.2584696  -37.27532051  -6.25342566  34.45937807
  14.48357321  -3.8346058  -32.7690951 ]


[ 1.87421280e+01  1.00785015e+01 -2.20481186e+01 -2.43980184e+01
  1.45364567e+01 -5.40727530e+01  3.09149688e+01 -3.12347146e+01
 -6.05040802e+00  3.08476146e+01  9.33158234e+00  1.26077751e-03
 -3.11193726e+01]


[ 17.62216539   7.77082807 -23.17489539 -26.92182765  15.23264087
 -47.3236763   27.94850322 -36.17217442  -1.61439573  29.90023636
   9.66402976  -9.41198243 -29.44252807]


[ 16.49357605   5.4184837  -20.04132429 -24.08431292   7.38040975
 -40.26973184  25.83463145 -28.80359356   0.32690369  31.07691469
   3.94383696  -4.29704378 -20.24580848]


[ 16.34007237   7.4409476  -25.38083774 -28.67537086  12.38993266
 -58.27276346  38.53757356 -44.0882459   -7.41425947  40.43964088
 -10.43553645  13.69110363 -33.49580796]


[ 16.04538526   2.14504989 -20.38433977 -20.18680136   3.81692322
 -38.20527303  22.87705749 -35.33781074  -9.12181549  30.23558023
   7.33605138   8.3314843  -19.05916051]


[ 15.93640967   3.970851   -21.57457745 -20.64366526   6.77051623
 -43.53703756  25.99490268 -37.86392953 -10.33318066  34.8690694
   0.73812756  12.64219872 -22.96823661]


[ 15.85754203   3.96716075 -23.41954181 -21.69875266   4.49329368
 -46.88973884  24.11698774 -42.06377742 -18.2205999   31.58075393
 -11.56608709  15.75684067 -27.07043088]


[ 15.92982699   6.92469997 -21.60073932 -19.50847838   9.38557421
 -43.11379191  28.22115197 -42.29245871 -18.17950016  32.48846157
 -11.86854713  13.80570386 -25.50939069]


[ 15.84048052   5.04280977 -21.78229458 -20.9873412    1.28825435
 -47.92621524  24.2204929  -38.70750507 -19.6230198   33.082781
 -12.45200702  11.68739152 -24.1441705 ]


[ 15.89875515   6.93133678 -20.41078842 -19.62863173   2.95120685
 -52.2998538   23.19546548 -39.85807545 -19.17562792  33.33089889
 -10.90841397  14.28987472 -24.7526279 ]


[ 15.87644733   7.28706704 -21.30426807 -20.66856347  10.28247062
 -56.9110873   28.69164737 -49.15346183 -18.05278992  40.02622514
 -16.85495967  16.59095026 -24.76086675]


[ 15.86478691   5.6134581  -18.43501748 -17.32831319  10.99845769
 -42.88462191  18.41791165 -41.47207364  -7.79324725  34.2770876
  -7.70225498   2.32678016 -14.70849194]


[ 15.90126771   4.85895397 -22.32943338 -19.29121363  16.36642508
 -49.58132831  18.36828521 -51.27199535 -11.20923123  34.96429511
 -19.55474046   3.13850909 -21.17914011]


[ 15.98872289  -0.72733384 -22.6140512  -16.84855671   2.36547777
 -41.76249303   1.51059156 -31.91023038  -8.16069956  17.83846208
  -5.24365475  -1.94579736 -26.36216792]


[ 17.54407939   7.36396552  -6.85721167  -6.24170219  -4.5346802
 -32.3665665    9.58079098 -13.41187919  -5.50300524  18.10199595
   4.3905673    0.24443904 -22.13530692]


[ 18.40757697   9.05464124  -6.37197079  -6.15732114  -0.24827736
 -40.12811991  11.77779746 -23.64539524 -14.52331047  19.03198101
   9.30920258  14.85059887 -31.20215335]


[ 19.68188981   5.1403811  -12.49233252  -5.87818418   8.13795874
 -55.65064281  15.08003473 -24.40485225 -19.14645903  14.65699877
  12.61040472   9.25184025 -40.70885527]


[ 20.3712609    7.42765726 -15.45427145 -11.31506363  10.10521917
 -50.64812892   9.07412006 -18.7763486   -2.46333788  24.09749269
  12.94148766  -0.62175791 -29.2660928 ]


[ 21.02157173   8.47950864 -17.74561037 -18.0650033   11.41991592
 -57.57920304   6.90188968 -31.67527041  -4.8293097   23.0739164
  16.43705016  -7.26877647 -36.8834655 ]


[ 21.34408486  12.64265372 -17.72018898 -18.25177548  20.20403778
 -62.22906414  18.34912951 -31.42551569  -1.52627615  30.58294394
  13.40831837   3.84902124 -34.90369615]


[ 21.39182114   6.311979   -19.69689563 -19.35553884   7.19971079
 -60.0651445    0.30117866 -34.31349853 -14.49747595  16.96655937
   8.69638165  -8.43427514 -32.0944586 ]


[ 21.27442503   8.02213065 -17.6166277  -17.48123941   6.19119154
 -58.31193345   2.79283137 -37.58766735 -17.56951325  10.79283713
   2.63395701  -9.25900128 -35.38710193]


[ 21.01417375   9.48729191 -12.14805466 -13.52511353   5.75236002
 -48.81889619   8.4539724  -36.15491614 -16.37002202  12.76171069
   0.25025277   1.761344   -35.75400022]


[ 20.89376852  10.39908736  -9.69114379 -13.32429042   1.90466439
 -41.58565007   6.35729979 -34.46033836 -18.40999201  10.32184608
   5.76326035  -5.74755341 -35.94169385]


[ 20.90290479  11.21466039 -10.81234613 -16.29259234   3.87819719
 -43.03861852   4.48937793 -37.82378881 -19.68405674   7.4503435
   3.94048297  -9.05510488 -40.52651727]


[ 20.89785587  11.83928002 -10.00907071 -13.10283215  11.87638552
 -39.46211065   3.64060143 -36.3289004  -13.47881444  10.93495209
  12.1109986   -8.89300456 -34.14716526]


[ 20.90965983  12.13182907 -11.80234625 -15.68703616  14.106313
 -37.21900711   2.29137946 -42.19061302 -12.84749089   9.5819603
   6.51446863  -7.32396146 -32.85437675]


[ 20.94484303   8.85573604 -12.82813475 -14.39505769  11.40421652
 -34.14160578  -2.33916189 -40.80075883 -16.60917342  16.55676699
   6.94406109 -13.12750363 -26.21802488]


[ 21.12290713  10.34117685 -16.75912605 -20.86006702  14.23934255
 -45.67982448  12.47097417 -49.73752854 -25.62229021  20.22862693
   4.53620809  -8.48912956 -41.95115925]


[ 21.10504154   9.37579235 -17.26824537 -20.99880495  14.92939798
 -38.49008416  10.13420999 -37.52193493 -19.07234964  15.95118556
   5.22497169  -5.06998238 -28.79154347]


[ 20.96838869   8.9492105  -17.67885103 -23.09310264  11.33716292
 -34.1091674    6.14723265 -46.06274648 -15.74780617  21.39694073
   0.31767461  -7.59753559 -27.72576582]


[ 20.97778671   7.57100268 -18.03387198 -25.40612836   8.67920346
 -32.08582657   3.92360677 -47.3118282  -15.88914298  22.80823071
   2.10465774 -14.25215998 -25.1906924 ]


[ 2.08967364e+01  7.96178918e+00 -1.93973318e+01 -2.67296714e+01
  7.11016884e+00 -3.34769298e+01 -1.45296215e-02 -4.54337772e+01
 -1.51941014e+01  1.93690867e+01  5.14064798e+00 -2.41702071e+01
 -1.89929702e+01]


[ 20.69905026  12.23546169 -17.91090886 -22.64556465  16.64872723
 -37.91625567   5.02908545 -36.58442043  -8.17062939  17.21824233
  13.69046457 -18.12745299 -22.85682175]


[ 20.6031989   13.81890478 -21.34133783 -26.754069    19.71536595
 -52.83796784   7.81610011 -40.46635426  -8.56340647  13.61812805
   9.24472693 -17.97284086 -33.2273779 ]


[ 20.40444095  13.41592515 -19.85858222 -26.05217359  17.1022959
 -53.98273115   4.09172372 -38.16120358 -10.42122935  14.20705238
  10.60072457 -20.12690615 -34.32271546]


[ 20.16581039  15.69175625 -20.20814393 -24.32607901  17.13181044
 -57.49401901  15.44663048 -41.82616007  -8.74287623  24.35233156
   4.18360414  -8.67565225 -32.38522756]


[ 20.04125273  11.76716951 -17.877029   -22.39842955   7.64097531
 -49.72368043   5.52282422 -38.01623344 -11.12915483  19.97183948
  12.15933694 -12.50337452 -32.71747717]


[ 19.99828984   8.54276148 -16.22514293 -21.61471586   1.17311897
 -51.41225443   0.78326883 -30.47608202 -14.31650735   7.87185627
  16.28266069 -10.6594544  -42.02350903]


[ 19.90361136   8.12814091 -14.15305223 -19.79231254  -1.76765391
 -52.40479697   3.09009076 -26.08406846 -13.86108224   6.59561811
  13.20995486  -4.34278249 -45.5896689 ]


[ 19.70063897   9.98599464 -10.23286413 -15.95962197  -2.51503399
 -54.25079401  11.78296317 -25.49625252 -12.545075    10.60513449
  10.74370859   4.8650223  -47.89795187]


[ 19.64132263  10.92637977 -10.45790156 -17.35761715  -0.38965873
 -54.16561933  12.81188597 -26.60877907 -13.87980291  14.9815626
  12.05983841  -2.31932664 -44.43901091]


[ 19.50517733  13.33046855 -12.05472666 -19.80540483   4.54744369
 -54.06906992  16.36378015 -29.59392562  -9.62495374  17.10405735
   8.89338195   5.76865431 -48.39809687]


[ 19.39048524  14.6676751  -11.45644614 -21.8650993    2.30221518
 -46.02516274  17.61958962 -31.8972704   -8.47060654  24.59868746
   8.69823375  -3.8795693  -38.47735984]


[ 19.42383621  16.27541157 -13.48309523 -23.16579692   5.8773291
 -59.63351326  27.27285589 -38.1109964   -8.92423476  28.56512458
  -0.21159973   1.01206071 -46.98463555]


[ 19.4688759   18.65998317 -14.70486763 -24.71662912  11.48188412
 -70.50797538  36.00382758 -41.28235234 -10.84053565  34.60837877
  -6.8162649    2.43111736 -47.62519477]


[ 19.4827167   15.39984739 -12.084512   -22.63415131   3.03779753
 -60.67786584  23.67819369 -35.29355011  -9.61464115  26.32313409
   1.31801019  -7.26544459 -39.02981806]


[ 19.48399006  18.46656502 -13.55380872 -26.68542908   3.37793963
 -64.3148362   22.44407606 -44.17096581 -10.19658837  30.0777581
  -3.93056984 -13.2799925  -38.90115149]


[ 19.46805141  17.40714974 -12.60680607 -24.73753434  -0.35405327
 -59.57616142  13.65107794 -38.21751359  -8.26474661  22.90765292
   4.34333346 -18.14762752 -35.33400721]


[ 19.43001223  19.77232957 -13.26354212 -26.20995149   2.24722693
 -66.41809151  21.73191372 -35.94021336 -13.77405955  22.42349959
   5.97416131 -14.76852609 -36.61266804]


[ 19.40964024  19.982865   -12.77799696 -27.14727035   1.73709343
 -66.02454141  23.02002423 -37.23724127 -16.72702928  22.0692293
  11.54978983 -17.41652368 -35.76818376]


[ 19.38853657  17.66393458 -10.60072184 -26.12378153  -2.03324081
 -55.01780786  16.38195045 -38.25285997 -11.82361782  26.24617095
  15.66469082 -18.38425167 -26.59261791]


[ 19.37743377  18.71183511 -11.81265222 -24.97025892   6.30423373
 -59.92345843  19.71542996 -37.22482961 -13.25361994  26.90202243
  19.87505133  -9.28124516 -30.92243067]


[ 19.35759761  17.21431855 -12.81332637 -25.35480256   3.98919168
 -57.43079612  15.77494402 -40.12424947 -14.278962    23.55564441
  20.90820682  -9.08913788 -32.20850839]


[ 19.28965406  18.43878011 -14.28308427 -23.3412203   10.85419244
 -60.75946922  16.46300733 -40.75764204 -12.46169031  26.06153661
  17.34486669  -3.38990739 -31.40383275]


[ 19.20442203  22.00207675 -14.25920603 -25.41097192  15.81333244
 -64.84222838  27.28945505 -43.43310984 -14.33461146  31.23860713
  11.87961947  -1.26002009 -30.74517506]


[ 19.07266625  13.63208222 -10.48420254 -22.69276735  -4.37942707
 -46.70102102   0.09015088 -33.09632932 -13.90055435   6.5499591
  20.45135309 -20.16414524 -25.40327077]


[ 19.03866627  13.83183306  -8.71881959 -20.9352206   -3.59003836
 -51.26215067   3.84017132 -26.62131328 -13.53379308   2.76396904
  20.54712661 -16.65533802 -26.07226419]


[ 18.95770992  16.53569393  -7.76682433 -18.36556099   3.68789419
 -54.2405334    7.78032362 -27.19237292  -6.61485554  14.56912011
  21.68821746 -14.35997859 -25.07200378]


[ 18.9254316   19.73263309  -6.11028926 -19.51120342   2.06757525
 -56.69587742  20.8961547  -33.15866511  -9.72343019  18.84804026
  18.56321863 -14.92112818 -32.22045797]


[ 18.95909713  22.08868655  -6.0382498  -20.89084875   4.21303273
 -59.66077956  26.95655882 -37.70782372  -7.53699957  31.47588194
   9.5240234   -5.38723787 -27.71405784]


[ 18.94839772  21.15021     -7.3072678  -22.2517908    2.01220468
 -64.55242079  25.65244008 -38.74990927 -10.07323839  31.70600872
   5.05874269  -4.84184537 -28.71081083]


[ 18.88399508  20.86622695  -7.27617411 -23.45725967  -1.64538211
 -62.9286022   22.26623485 -43.55277577 -12.72929058  32.7810636
   3.48060716  -5.21152769 -29.12530312]


[ 18.76661479  18.63499739  -7.23123157 -21.29722945  -5.82446609
 -54.91723159  11.62577338 -39.66488036 -11.63104155  26.35559003
   3.98698659  -9.47942958 -20.07048405]


[ 18.73521012  18.64587079  -3.90825968 -15.66876017  -0.92596344
 -55.5912351   19.1385907  -29.35831802 -11.95753304  22.98532702
  11.91387677  -6.55097031 -24.38388134]


[ 18.70501529  15.77583455  -6.90839837 -16.51260955   0.42392834
 -59.65717636   9.86182012 -27.18341912  -9.56089512  18.04543004
  14.70747025  -8.99282648 -24.42397641]


[ 18.71000774  13.68132116  -6.82645725 -17.70011446  -4.59626935
 -53.68439565   3.83273713 -24.81689537 -13.31328062   8.1052753
  19.67351803 -11.23494829 -27.83157151]


[ 18.7539251   17.27858932  -3.32784936 -14.87614759  -2.80627892
 -56.84396227  16.2842396  -22.49672847 -13.15614426  15.93617929
  19.4037154   -0.24063062 -26.2009685 ]


[ 18.75578125  18.24996644  -5.64088581 -17.87607525  -5.4400646
 -61.96829234  16.70418835 -32.78253087 -15.79716515  18.09436647
  14.41223277   1.32269749 -32.60258858]


[ 18.75352732  17.69934539  -8.10507498 -20.10035819  -7.35868514
 -55.1794893    4.77875408 -32.52946106 -11.49107567  18.18976556
   7.40612056  -5.39346276 -21.20205341]


[ 18.70009104  18.49622861  -6.3975661  -17.46322389  -3.09934495
 -50.84264286  13.22671131 -28.37367644 -10.77866433  21.13171722
  17.29961449   2.2060987  -23.96768312]


[ 18.79181572  18.83019793 -10.92154302 -23.53012122  -3.03417467
 -66.81120579  21.52800361 -41.30544054 -22.88594211  27.27984053
   3.5807335    2.99770511 -34.66957755]


[ 18.9374038   14.45033726  -9.86254912 -19.26446485  -5.01011266
 -57.16558334   7.27523271 -24.71027237 -15.727092    10.2592993
  11.54011089  -0.61286767 -24.02388224]


[ 19.02471879  19.76368822 -11.80971817 -22.80287378   6.436183
 -72.69698406  19.05312532 -34.16168733 -14.20919883  17.76442112
   5.23652505   6.08638465 -30.87158379]


[ 18.99296225  17.64004103  -7.42496383 -19.17541056   0.13503456
 -56.81841288  16.00000043 -31.96638766 -14.31217114  18.0369054
  14.76639455  -6.33100325 -27.75312388]


[ 18.91351826  16.21247936 -12.11869552 -23.51021514  -1.17269595
 -55.69786981   4.39986774 -34.49190063  -9.88860357  14.34454286
  12.98308164  -4.28765185 -21.09209718]


[ 18.92867233  20.27336414 -10.99718379 -26.55696984   1.40325567
 -61.89717275  17.1195329  -40.83740398 -17.33771657  18.67231228
  15.82786783  -1.11451067 -26.8544017 ]


[ 18.962688    19.84058368  -4.92167493 -21.90955839  -4.74091284
 -46.93721891  12.96661147 -32.5650432  -16.20205486  11.79402501
  26.42890629  -4.52262264 -25.04693648]


[ 18.95210084  23.81842038  -7.03757106 -23.93654858   3.78148076
 -57.14100588  19.08519483 -34.98920548 -17.81512451  13.83900906
  18.64630736  -1.36872964 -26.8568829 ]


[ 18.91668897  22.74115431 -11.14101477 -26.64126446   7.67387655
 -69.2762122   24.08793997 -36.6286692  -20.0761609   16.23969533
  21.29317815   4.76229415 -28.71721597]


[ 19.00743002  19.1033634  -12.46520503 -26.69061085   3.43663191
 -68.08579172  17.841197   -41.31070211 -26.26710009  14.20886646
  23.59267963  -2.84829678 -34.11401856]


[ 19.07909912  19.87265162  -8.5010662  -20.34520141   6.09163514
 -55.0232766   15.23917976 -32.1340853  -16.36237891  13.3502736
  23.75508773  -2.19509677 -25.42140615]


[ 19.09835554  22.91843825  -9.74189487 -24.49423603   8.46339284
 -57.35581763  22.89243882 -40.321341   -19.36049439  19.39430826
  13.57764973  -2.67817881 -24.01193037]


[ 19.07551087  23.4138486  -13.37393827 -28.38341029  10.25457524
 -61.01093193  18.17911122 -47.42288919 -11.27828465  22.90275591
  10.116667     0.08748735 -16.94806458]


[ 19.18511809  18.18854264 -12.09234281 -25.84099704   1.39669118
 -46.56670116  -4.73340666 -41.07544664  -8.68249523  11.82531386
  17.4782857  -11.8225007  -10.98629691]


[ 19.31948142  23.13056791 -10.57881538 -26.74688891   5.79471675
 -53.82704158  11.53189537 -46.2435161  -13.1525049   24.24511636
   9.7058694   -8.18865965 -12.51015805]


[ 19.23670213  25.05252225 -10.03896533 -23.49926442  12.76389244
 -57.4340587   18.95074163 -50.67507937  -9.75174537  29.42745169
   6.48132311   1.04594236 -17.7945978 ]


[ 19.25802491  18.17073835 -11.68805782 -28.64060977  -5.13005039
 -49.02585243   0.16594266 -47.91573989 -15.95570841  16.22358899
  16.25669928 -10.42882623  -9.20007413]


[ 19.39187054  21.41917121  -8.56290809 -22.55104984   5.5172678
 -42.37952636   8.83729409 -41.27509324 -10.92704035  13.51330236
  16.84651179  -8.75391655 -11.21368687]


[ 19.51574693  15.73081249 -12.23874095 -24.8941517   -1.79221685
 -41.6909848  -10.25305319 -39.07179287 -12.45569375   3.98715359
  15.39426563 -11.89201781  -7.73315317]


[ 19.51137424  20.3074414  -13.49651403 -27.09909629   8.51028283
 -54.79204465   4.66303133 -46.48748287 -15.33552411  14.11837889
  16.32571111  -6.76619712 -12.97889527]


[ 19.60603361  21.75083138 -13.33676097 -27.37484765  10.39912183
 -54.50088415   4.66996849 -43.6359446  -11.17458372  13.91227003
  18.62770023  -9.22581454  -9.53884524]


[ 19.73197262  19.58455008 -12.28341686 -26.30945961   3.88559715
 -46.19878954  -6.79183908 -44.93887089  -6.8317258   13.22071049
  14.35524217 -12.76870989  -4.29579042]


[ 19.74442024  20.50236405 -10.47487035 -28.63808618   2.31324938
 -39.65950363  -4.86913033 -51.43337057  -7.84729471  17.03236347
  13.52559606 -15.47722842  -3.68238149]


[ 19.8151462   21.86302669 -10.62349491 -28.14355689   6.88080412
 -41.07131335  -3.02861647 -49.31109654  -2.27488465  18.25317351
  15.4569513  -10.29610687  -1.92284694]


[ 19.84491126  17.19473429  -8.91329432 -23.02332591   1.38698992
 -32.40682991 -12.60266337 -41.37149815  -2.93276689  12.43079697
  17.71331579 -15.34364094  -1.50660617]


[ 19.90268458  18.5655815  -10.51303359 -27.0281227   -1.26666792
 -41.61621047  -8.0201288  -46.42599838  -9.76621004  15.7130413
  13.0583959  -16.52635191  -2.23060644]


[ 19.80110838  23.68728666 -10.98593753 -26.18598486  10.21277578
 -54.40976911   5.57601432 -47.1366392   -9.49218151  19.27779775
   9.1531764   -6.19302497  -8.07613586]


[ 19.8187647   19.29953969 -11.12845117 -26.83099966  -1.17299154
 -48.58247003  -4.89417095 -44.5358945   -9.3398697   13.0756989
  12.12807215  -4.87088705  -6.8260013 ]


[ 19.88248128  18.74799165 -10.28063122 -27.76515588  -5.68897353
 -45.0506258   -7.95156849 -44.16056725 -12.18568857   8.55545027
  11.99586197  -4.94119477  -8.98680377]


[ 19.8712767   25.89932917  -2.56199885 -26.84978939  -1.1559692
 -35.44719662   9.89462618 -48.90040752  -9.26723241  16.37957111
   9.76495412   1.00711496 -10.46005063]


[ 19.82834979  23.26926763  -6.73505978 -30.48466171  -3.06835024
 -44.42130179   8.42063306 -51.15835188 -13.4279495   17.07575831
  16.1473794    5.17337922 -12.12517393]


[ 19.82078971  23.82039906  -7.8954772  -27.82437321   1.87196467
 -48.71204402  11.06193008 -50.60467476 -11.83847838  16.87889152
  15.46517268   7.49335379 -17.46866838]


[ 19.87944583  23.4741882   -7.10225608 -27.71778465   1.70815408
 -45.28145486   8.62713681 -45.71733307 -12.04769371  16.83587779
  12.98975246   3.15687408 -14.70180002]


[ 19.85669032  22.47762232  -9.19607162 -26.83199839   5.81613046
 -48.68255163   7.2774549  -44.86897263 -10.78984399  13.0736688
  15.95719894  -1.26185817 -18.48448848]


[ 19.78113258  20.83303564 -11.34443787 -26.7088961    8.9719507
 -53.42273734   8.26638952 -43.71274405  -7.04149532  16.00615294
  19.29979137   3.82379361 -19.73815092]


[ 19.7636512   20.83322353 -13.57089324 -30.98022111   6.57746599
 -61.83083064  12.54293603 -50.72148424 -14.9064183   19.28289816
  19.62913064   0.45489401 -28.21065789]


[ 19.7713525   21.31000336  -9.90646824 -26.66210358   8.36985959
 -48.87786784   6.38496924 -38.54334554  -6.67977245  14.41097964
  18.32039529   0.87397355 -20.07797425]


[ 19.71411614  16.71886816 -11.27459133 -28.89240063  -4.80084334
 -45.93367014  -6.32904411 -42.94810849  -8.78340681   9.00667406
  14.35395013  -5.34425697 -18.91411745]


[ 19.65882885  18.92671564  -9.04989769 -25.2218858    0.85446695
 -41.97190718   1.45661302 -40.06567838  -0.8521      19.23138015
  16.88344161  -0.10392515 -13.37023529]


[ 19.74216228  19.34840888 -16.26800055 -34.54021026   1.050807
 -62.42870282   4.75677746 -54.88311204 -11.97054405  19.86638733
   6.61520213  -2.81395092 -24.55689158]


[ 19.83105604  16.1080345  -12.23502349 -27.15926396  -0.7765087
 -41.97951214  -7.87303309 -35.20281519   1.05249854   8.64983979
  15.31552525  -3.73677304 -16.3445142 ]


[ 19.86931337  18.89485455 -13.01623924 -29.26379121   4.01831979
 -52.68264441  -0.0979428  -42.36050861  -3.45868956  16.08094035
  14.54244423  -1.29149597 -20.46433061]


[ 19.83821321  21.94553224 -11.43733437 -27.24511161   7.11597437
 -54.16961986  10.01498855 -41.99181652  -3.3583563   19.69164448
  11.32127773   0.93718494 -23.58402898]


[ 19.78949285  18.73521329 -11.62179513 -26.31134428   3.01797056
 -48.50146074  -2.08205847 -36.44217389   0.3912033   18.26301938
  15.56132343  -2.10546735 -17.72487487]


[ 19.80184423  23.2274934  -16.98526043 -33.47742913   9.9633433
 -68.30371078  11.20380809 -49.8868818   -4.08535874  26.35840373
   4.8563412    3.83036007 -26.55569681]


[ 19.82566134  27.4329794  -11.40876162 -27.03076828  17.09859665
 -61.79770022  20.17625548 -41.62797866  -0.58585046  28.80977244
   6.32104117   3.74572532 -24.2226775 ]


[ 19.81741659  19.09481152 -16.08375985 -33.55195787  -1.13713563
 -57.00803382  -6.39277516 -42.52301633  -4.50262908  12.57768962
   9.30063049  -8.05063755 -19.14492997]


[ 19.76265406  25.57793075 -12.5047163  -30.33646209  10.47344629
 -56.53086646  10.23947735 -41.68017016  -1.15119042  25.02517245
   8.24783603  -2.04231854 -19.21834228]


[ 19.73916852  19.06145475 -10.23534467 -26.13289644  -1.04466034
 -37.86302104  -8.06704551 -33.39852437   6.10126301  19.08999433
  17.33344946  -7.75776473 -13.75024905]


[ 19.74545926  23.11227047 -14.00313016 -31.80499109   5.50453521
 -55.22738063  10.12961073 -46.31857938  -0.45341206  24.0693725
  14.22726116  -1.22943924 -28.49108646]


[ 19.81674411  20.46911199  -8.95381335 -26.62763649  -0.84146381
 -39.51189858   3.25465714 -37.59040806   0.85910784  24.2045487
  18.19230002  -5.12080239 -21.80112904]


[ 19.79096496  19.56591997  -9.63721835 -27.36081566  -4.40951318
 -39.48985671  -3.93310968 -37.72272553   2.6219273   21.84395664
  13.13016566  -5.83779308 -16.73548504]


[ 19.7806533   22.74853873 -12.95586317 -35.07496315  -3.17225253
 -54.88246412   7.64809556 -45.35590781  -6.9909954   19.62328565
  16.08621249  -5.48321746 -26.2698766 ]


[ 19.80696646  18.88175351 -10.4215553  -26.61700094  -1.01012243
 -40.21073433  -2.29871016 -29.68069703   1.85230509  15.46733702
  20.90554947  -4.54324742 -15.10063884]


[ 19.7682279   22.85912609 -12.34379867 -32.81293635   2.12028817
 -52.60108624  10.9963731  -44.20888387  -3.61629873  23.39974346
  16.35126449  -4.68718713 -23.89583374]


[ 19.74785393  20.43363231 -13.30257392 -31.85777066  -1.73535901
 -44.21635513  -3.774988   -39.39237      1.56464477  14.75929416
  13.22021826 -10.37796139 -13.88846971]


[ 19.74204246  24.95700165  -8.47137569 -27.80502989   4.64234698
 -46.1128557   12.14872075 -39.86230483   1.02379116  26.94379919
  16.37924898  -6.40464944 -20.41764069]


[ 19.70591278  18.60902937 -12.10825606 -28.70129991  -4.56360051
 -49.67371705  -1.90970109 -39.11140695  -2.74446005  18.72620883
  13.2221205   -7.29962842 -21.38258781]


[ 19.67074331  16.75211159 -11.47401887 -27.65194544  -7.5717876
 -46.03293179  -5.07209923 -37.51306472  -4.2131923   18.55723012
  16.01013275  -8.66412791 -19.92124037]


[ 19.60005858  22.93436147  -7.57309234 -26.39070627   1.89560131
 -43.13846578  12.22972122 -37.8342058   -1.45692617  28.55624525
  21.67980346  -6.72622192 -21.6058433 ]


[ 19.5579958   19.24633598 -12.72142908 -31.73758525  -5.50667304
 -44.45333853  -7.89953064 -45.0343416   -3.39358252  18.42599544
  14.55984792 -15.69650949 -18.59469925]


[ 19.53458595  20.17831581  -9.71137548 -26.90121316  -3.26648662
 -39.06087025  -2.60071798 -36.43247683  -1.67401818  19.05338386
  17.46904914 -10.82990305 -17.94158767]


[ 19.57294384  22.29966402 -10.16504696 -30.33745893  -2.85328639
 -46.71912047   3.30429664 -43.8693738   -6.74975726  23.30214014
  18.33203839  -9.39598823 -25.14892624]


[ 19.51480223  21.91731438 -12.5091666  -32.88532597  -6.10934279
 -51.19873002   0.17766376 -46.82154085  -7.7696644   20.44645704
  12.48109946  -6.69648471 -21.05848984]


[ 19.43407958  18.33101879  -8.39283457 -25.91661401  -9.44471202
 -34.52976586  -6.46736548 -32.67313136  -0.55231116  16.04412603
  20.02391146  -5.88868396 -10.74054724]


[ 19.38438164  26.21499665  -9.14916004 -31.73156113   0.90678836
 -53.55329719  20.08881454 -51.83924622  -3.65650956  32.57598927
   1.68226018   7.72281583 -22.99299629]


[ 19.3668363   20.29851518  -8.1202038  -28.48192731 -11.14121972
 -41.15618966   6.30199554 -45.1093733   -6.08502888  19.68973845
  10.02076995  -2.36803958 -17.69571097]


[ 19.38822635  19.22162454  -5.90911492 -22.48155506 -10.92280927
 -37.48014906   5.33528881 -34.56993887  -7.21893454  19.79632338
  17.42021     -3.06285959 -15.60633364]


[ 19.35489241  22.06884991 -10.38732996 -30.10114492  -7.2861533
 -60.07040851  18.19498188 -48.56079862 -17.20902991  25.26856757
  13.21512992   3.94141832 -31.2613923 ]


[ 19.27765172  19.17245005  -7.65154716 -26.0204979   -8.90555028
 -42.74054354  -1.9709463  -31.76549293  -6.28963798  11.64722185
  17.74833268  -2.97105775 -15.88457196]


[ 19.1684583   21.75005474  -6.71890582 -26.19902951  -5.68239228
 -49.48177807   7.84885644 -33.64342424  -6.60505548  16.50653567
  19.42096987  -0.70399135 -22.41881901]


[ 19.08303632  17.94399231  -9.82760996 -26.98067397 -11.02780035
 -53.31927411  -0.97254531 -33.05110095 -10.14328206   7.55097444
  17.34355652  -4.43142082 -23.75036166]


[ 19.06907705  22.04009176  -3.56951478 -20.23897461  -3.94880989
 -50.57189584  15.38686606 -27.17280239  -9.1570998   15.67899563
  25.30029777  -1.98442715 -28.18400232]


[ 18.98048337  19.00964748  -7.99440365 -26.28000035 -11.64220586
 -55.76873411   5.78676141 -34.36944445 -15.73996045  12.72552732
  23.12006844  -6.50019116 -24.72170401]


[ 18.85317539  20.1058872   -6.94178884 -25.08805576  -7.30224207
 -46.99261242   3.58082315 -30.03699386  -6.71344478  12.37844902
  21.91818931  -2.87907618 -15.1065481 ]


[ 18.80752227  23.71654503  -7.37552676 -27.45964838  -0.13724579
 -54.37513901  17.63487358 -35.17913075  -8.44467958  16.45970706
  20.5717892   -0.29472709 -21.86943315]


[ 18.69860183  20.43426486  -8.33806676 -29.22404362  -5.219135
 -53.06648553  10.7340069  -33.7415536  -12.16527215   7.01363647
  20.78046533  -3.01304682 -24.52304058]


[ 18.57905613  19.21553387  -6.37816712 -24.60111903  -3.5771182
 -49.2887942    6.74015024 -27.05724955  -8.8366808    5.18591309
  25.56982359  -2.00883899 -23.71847003]


[ 18.48013102  19.73342778  -8.88517425 -28.05895823  -4.05335732
 -57.9285872   15.78866438 -34.11821408 -16.88960967   3.51361424
  19.97883583   6.78812898 -30.96045635]


[ 18.36867343  19.11146925  -8.49930319 -25.63349846  -0.15894688
 -51.68421948  14.64469168 -31.03721916 -12.04388368  10.29782188
  25.8820248    9.57140437 -25.81882642]


[ 18.31977631  21.02000884 -11.8758107  -30.9201663   -0.9265444
 -58.05507371  16.51619048 -48.50185944 -18.27827662  13.92538001
  16.34622755   5.67980419 -34.2566376 ]


[ 18.26508199  17.59704476  -8.49902919 -25.47386024  -6.83838238
 -32.82024531  -1.95206918 -34.83044738  -9.32838917   9.43985911
  22.59943525  -4.44331879 -18.80580402]


[ 18.06913672  23.0578497   -9.00908647 -28.7728373   -1.89527387
 -35.93110461   3.50131858 -45.05908599  -8.14295562  16.72294738
  10.23539169  -6.47168476 -10.27895355]


[ 17.77502429  20.92458077  -9.80345326 -31.80880765  -7.40988303
 -35.2504481   -2.89049226 -55.29785384  -7.51848925  21.21921827
   9.12999875 -12.61608644  -7.6459623 ]


[ 17.57241356  20.84142081  -9.8832949  -30.07519896  -2.12507848
 -37.50454606   3.89097934 -55.32682276  -7.3131723   20.13286535
   8.03215188 -10.51180108 -13.60715239]


[ 17.37623544  17.00209178  -8.81895275 -25.09876298  -1.3183324
 -27.34858722  -5.39707834 -47.11138401  -0.7352315   15.32756935
   7.62735342 -10.47722571  -8.95079884]


[ 17.06107901  18.85814769  -9.16250299 -26.95724613   1.51400319
 -33.34397482   2.40766398 -56.30632328  -8.60384769  20.599512
   4.26478964 -14.25857244  -9.66218017]


[ 16.69987934  22.28537582  -7.99813729 -26.52033404   9.08271885
 -36.11631591  15.16459915 -62.5407184  -11.41485772  32.65219255
   7.34501159  -6.10676651 -15.75181408]


[ 16.33946709  19.57354442 -10.43494195 -25.27367974   8.85489038
 -37.96015379   7.20809231 -57.71855188 -15.5409934   17.0516458
   8.94359508  -5.19735728 -24.62977224]


[ 15.81269953  17.09485679  -9.24902256 -21.38316843   5.04975118
 -37.06159622  13.38084512 -48.44427129 -18.12610144  13.06269137
   6.40640185   0.22809425 -27.00917598]


[ 15.4519157   19.84437923  -6.19259243 -18.64104592   9.35018854
 -36.97777392  23.44146149 -53.94436142 -17.40026185  28.83640503
  -2.20513322   9.95701654 -29.318039  ]


[ 15.34111433  17.33651927  -9.34072919 -20.4987672    7.93529272
 -27.28737159  11.40703671 -51.18256535 -15.9644603   14.14084294
  -1.95211017   6.06767437 -19.24273848]


[ 15.3722829   19.81303868  -9.07081371 -20.64875283  11.97263655
 -25.07281187  18.29952864 -51.05657776 -16.70387377  14.34000108
   0.81594813  11.33672572 -22.62469435]


[ 15.36981072  17.4829527   -7.7449872  -20.16665172   6.64039328
 -15.29905912   9.91348371 -51.54268203 -19.43154299  13.34149913
   7.6838371    3.77120906 -19.3967986 ]


[ 15.36134922  17.17720214  -7.8863486  -23.36563346   2.4205634
 -14.1824479    8.25747945 -56.22074909 -20.35940739  11.71974741
   4.76455681  -2.13155681 -19.91332818]


[ 15.23151674  16.44343182  -7.91944705 -24.05511898   2.75521729
 -14.02796321  -0.82314817 -55.4076043  -12.44547686  10.04381472
   4.73089959  -8.74759027 -22.51882519]


[ 15.03614602  19.64478868  -8.43889223 -27.58756946   3.06492361
 -20.48168845   3.26905166 -54.12320374 -10.09365325   9.22736627
   4.17629867 -12.85184028 -27.23256575]


[ 14.73101427  22.37548457  -7.1147461  -29.45376303   4.74369931
 -21.01523466   9.63808968 -46.28165099  -9.33104467   5.01846056
   7.62980644 -14.25384517 -28.69265732]


[ 14.32381123  22.24020592  -6.46336328 -28.01935712   1.68808785
 -20.41790741  10.73890685 -41.62569244 -15.80128187   1.98289629
  11.88288936 -13.87041004 -30.93426685]


[ 13.87285742  23.55436638  -6.790811   -28.08903025   4.7432356
 -24.95000642  11.44818385 -48.02982326 -22.67769398  -7.15686268
  10.45538824  -3.91098455 -25.14734681]


[ 13.12010114  21.40891126  -1.56619863 -19.39008752   6.27305114
 -24.13597467   5.80019598 -45.3337041  -19.92249442  -5.59361813
  23.58814332  -4.88015044 -17.5029564 ]


[ 12.01651348  20.9026833   -1.29737282 -15.9655406   16.97330315
 -28.10753827  13.87565785 -36.43708588 -21.40252206 -10.45066793
  13.85748547 -21.61238394 -14.51056618]


[ 1.13490569e+01  1.83359704e+01  3.32696614e-02 -1.11333824e+01
  1.86433160e+01 -2.96201519e+01  8.92391805e+00 -3.50755656e+01
 -2.23343493e+01 -9.09389395e+00  1.66347622e+01 -1.87597804e+01
 -1.39194313e+01]


[ 11.06473862  19.10903886  -0.48316362 -13.1575052   15.83761981
 -32.57432471   5.83809444 -32.91975355 -24.69162404  -9.17284115
  19.24170867 -14.82012121 -10.6250489 ]


[ 10.63185608  16.76013793   0.8583269  -11.37356886  13.45882179
 -35.84191183   0.80245921 -27.85101657 -16.77579912  -9.53811654
  16.89124656 -14.66988004 -12.0509932 ]


[ 10.20411115  17.08678693   2.27265658  -9.42564765  17.70828898
 -38.25528639   2.63126326 -22.51464198 -14.11716519  -7.37161728
  20.23564372 -12.3303712  -11.51136249]


[  9.67326757  12.69347467   1.39301659  -9.36577648  12.41996085
 -34.56660829  -1.83028511 -28.8532299  -11.02761369  -5.11877199
  12.64381878  -8.91267938 -13.79635557]


[  8.99624221   6.99187322  -2.76857284  -6.95886484  12.9339538
 -30.05431025  -3.79993304 -34.9040504  -14.87422298  -1.69601041
   5.46663107  -7.30609511 -14.04647422]


[  8.28226466   1.63051838  -8.27962131  -8.05571381  14.91615138
 -21.14077027   1.18316658 -30.86080863 -11.30392986  -1.97359001
   2.11829373  -6.5152657   -4.69120352]


[  8.1431215    2.35781968  -6.94310149  -6.85818959  14.97315164
 -24.3277431   -2.35318671 -24.92611406  -9.76093926  -7.09612249
   3.15559835  -6.51853906   3.2642472 ]


[  8.00910296   2.39658163  -7.36716947  -9.79045698  15.01117628
 -26.56246776  -4.45179471 -21.09934365 -13.68686916 -11.97297434
   5.71758    -12.33927326  -1.75354345]


[  7.66262651   0.85361597  -8.37371311 -10.921384    15.74525124
 -25.05724664  -3.81351114 -21.19835264 -14.53750205 -10.37198213
   3.28545617 -16.37174301  -3.17167048]


[  7.47261552  -0.37837231  -8.45087279  -8.12510483  21.94285644
 -20.86313257   0.97822634 -13.25822015  -7.64992092  -7.50424721
   8.965285    -6.30538863   2.75523747]


[  7.32722044  -1.06106369  -9.15549198  -8.41132173  21.08623209
 -17.60791809  -0.91657254 -12.66989282  -3.61909763  -9.34519253
  11.50087563  -1.30015038   7.04315971]


[  7.16585558  -2.46427184  -9.79400697  -9.07826803  18.9910634
 -18.16540652  -4.58815588 -10.44174572   2.21760866  -3.53678581
  16.46955626  -1.21069743   9.70611118]


[  7.01276136  -1.08201946  -8.88412211 -11.64071624  19.21555312
 -13.5426608   -3.0894854   -7.38270608   1.00478524  -5.00240257
  23.30578151   3.92488721   9.43158626]


[  7.06379991  -0.84432091  -8.90078452 -14.27595785  19.46918797
 -12.03763595  -3.35837661  -7.91246044   0.78803119  -6.11370643
  20.28024907   5.87472219   6.87749065]


[ 6.99175300e+00 -1.68071608e+00 -9.31197674e+00 -1.58152600e+01
  1.84331003e+01 -9.49674792e+00 -5.21480279e+00 -7.35949978e+00
  1.09101061e-02 -1.36205933e+01  1.36055689e+01  9.06609453e+00
  5.47570094e+00]


[  6.73817576  -4.79335968 -10.58971305 -16.87059505  16.47615008
  -6.8145884   -3.82119604  -2.18671974   5.6135962   -8.12121635
  15.04832162  11.07787382   6.75199228]


[  6.794538    -4.39783476  -9.35100739 -12.94078457  16.56159878
  -8.42808563  -3.09859811  -4.5010838    3.80260929  -7.75818972
  14.24678606  15.32173483  10.4443502 ]


[  6.73364334  -6.08674895 -10.61443945 -10.63093193  14.24333354
  -9.61615951   0.39664827  -4.21057928   2.15001547  -2.18123319
  16.41648754  17.58537854  12.23139194]


[  6.71471179  -7.92826042 -13.73671273  -8.61480629  10.50384806
 -13.00065563   2.5522698   -7.13979498   2.51001384   5.56890202
  16.01593774  14.86715292  12.55756486]


[  6.51895662  -9.95678155 -13.65672723  -6.49316422   8.20434022
 -14.31970737   1.52571975  -6.71866759   6.28511076   9.85915658
  11.80875063   8.20007564   9.00672557]


[  6.37511275  -9.06960935 -13.25058598  -8.60252969   4.82382506
 -13.72927323  -3.59363759  -8.03896733   2.76663046   7.12772517
  12.81315777   8.53050874  12.75332995]


[  6.0957502   -7.54739928 -11.04498821 -17.48410354   0.94806546
  -6.21842518  -5.8301912   -8.82996657   7.515525     6.71612022
  15.05377119  12.48931623  15.70264974]


[  6.02920003  -6.7451348   -8.91765992 -19.42722506   5.24634939
   0.04050348  -9.87430455  -6.80166908  14.37207299   0.66095657
  16.29389801  14.42797497  11.37140472]


[ 5.98376995e+00 -9.85102038e+00 -1.06940880e+01 -1.95243841e+01
  7.94764150e+00  2.40897956e+00 -6.15108657e+00 -3.06418310e+00
  2.04298228e+01 -8.22512703e-03  1.07974739e+01  1.76784056e+01
  1.22325224e+01]


[  5.98973387  -9.82292665 -10.32023323 -18.06419792   8.83412828
   6.68968043  -5.56112078  -4.01093385  19.42975064   0.20373186
   5.75078258  13.01945777  16.55246024]


[  6.02192268  -8.85424385 -10.49415456 -17.71307211   8.81796334
   6.20115017  -8.99868869  -7.26186262  12.67200498  -0.583179
   5.61307167  15.40016865  17.58545269]


[  5.99315284  -9.12324772  -9.60623721 -16.20312031  11.7436126
   6.66642214 -13.79968399  -9.63712302  12.85394326  -3.28722266
   5.28902776  15.33435706  14.55608443]


[  5.86442989 -10.22501551  -9.07482885 -12.26543604  11.15432381
   7.00357828 -13.2088002  -10.98494163  10.29702217  -7.39835446
  -0.30041396  16.03403756  13.34560703]


[  5.65506449 -10.00028008  -8.55712701 -12.70333232   9.10549735
   6.41244292 -12.61315689  -6.08531063  14.0417811    1.53408603
   4.87969044  12.35324345  12.35562686]


[  5.61107798 -11.67916697 -11.55323372 -15.50507951   5.21486469
   2.6899213  -11.23095893  -4.21608075  15.79633971   4.84326002
   9.5700215   19.21282422  19.23683857]


[  5.51348552 -12.23777674 -11.19778826 -13.1652985    4.11271279
   2.73895385 -14.19682771  -3.89343958  16.85269896   8.13425651
  10.32569533  15.6527639   15.19561438]


[  5.29231463 -11.75894409  -8.04907116  -7.16857144   5.8101913
   6.79256271 -15.49176032  -8.65098626  12.09152457   7.50012982
  10.182913    17.08962297  10.57975499]


[  5.2554632  -10.85999368  -6.26907022  -5.4925856    8.59582245
  10.57198901 -11.87829223  -3.45174393   8.50625466   4.68771178
   7.00939748  16.95480939  10.63147037]


[  5.11371525 -11.26767653  -4.2885564   -5.16072058   4.40194681
   8.53926071  -5.11024901   4.64384422   7.16462472   7.26500949
   8.81298213  19.01138786  14.41133204]


[  5.02419495 -12.53883057  -5.12744315  -5.30333222   5.39952944
  10.95781278  -0.19511569   6.46487435  10.01909432  13.63873099
   6.98198919  15.36105991  13.24510819]


[  4.77037165 -13.21444562  -4.13483966  -3.37665489   7.71837685
  10.12176759   0.99242009   6.51121002  14.73495428  18.29137042
  10.42443675   8.46340555   4.68978621]


[  4.40139521 -12.32461549  -2.57728853  -4.18855314   5.08653611
   6.18028537   3.02506742   4.57018367   8.3965157   16.244199
  15.75335037   6.91143847  -1.69601975]


[  4.09580235 -13.69417856  -4.57748829  -5.018472     4.63342837
   6.74859414   5.59121485   3.87991364   7.40015876  19.0633199
  19.38833101   6.70847419  -1.96647066]


[  3.82394019 -16.04306646  -5.70803859  -6.54891051   2.42358173
   5.01345956   5.66717107   2.17271173   3.94613757  15.41885017
  13.03961855   1.49886479  -2.7493421 ]


[  3.50585983 -15.30018056  -5.1288609   -5.98148499   0.21775221
   0.29919381   1.81876689  -0.46748468   3.80486342  16.40943187
  15.92781232   1.82213007   5.80198762]


[  2.81664889 -16.44289395  -4.59443328  -6.83379437  -3.69958605
  -4.60926908   3.26385829  -3.21411971  -0.7119018   10.56005803
  13.20521526   7.9996447    9.26059206]


[  2.23332836 -17.43188978  -3.48741221  -4.84957652  -3.82045998
 -13.51280485  -5.09398639  -6.42581623   4.3904191   14.84316337
  14.52222      8.57726242   8.85182553]
