

[  8.52670489 -13.72908825   1.31919385   9.71146347  32.9213762
 -20.30893623  24.87564052  -5.73331698  -6.39299683  12.72884506
  -5.78604341  17.50691541  -4.75806037]


[  8.96384679 -14.47792986  -3.34102626   6.92439539  33.55861215
 -21.04836923  28.57702547  -9.40529015  -5.175928    17.50619097
  -8.19153265  20.3030902   -1.72619779]


[  9.06950147 -12.87729927  -4.58987792   8.02732675  35.98812927
 -21.37639245  28.47597442 -13.65084648  -1.43853513  18.35744924
 -11.99601663  15.57534645  -1.77127856]


[ 10.74503205   7.13254318   5.45095726 -12.68336476   9.9615222
 -16.40535255  17.55896764  -5.78228155  -2.3533629    8.74049095
   0.38867039   1.62303996   2.11882598]


[ 15.56911939  -4.81006744 -13.04947478 -21.58320621  36.03216462
 -51.59003824  17.95273439  -1.77409294 -18.31375318 -14.95783825
  -5.78080425   4.72573866  -0.25382972]


[ 16.36121727   6.79546683 -14.64171564 -29.64861849  51.67455578
 -78.15883113  31.2326646  -14.31679861 -22.63830537 -16.08701351
 -23.58917391  13.64877445 -15.04716087]


[ 16.88140731  -1.06048694 -10.18358003 -22.01754634  22.78604385
 -57.89728155   3.34362144  -9.34032468 -22.96294208 -24.42881599
  -9.64265276  -4.49983885  -2.29821209]


[ 17.26361756   8.06466994 -13.82172401 -26.31355225  41.18606712
 -79.43817223  21.98062828 -21.93148801 -21.14832793 -20.37351302
 -15.49582598  10.0171131  -13.39279684]


[ 18.21851919   4.53345867  -9.21869726   1.49057884  30.36878097
 -54.5326039   36.79703764 -15.22560697 -15.09665962   2.088214
  -9.21385511  12.32674944   3.14366413]


[ 18.52558022   6.84922195  -9.90329998  -1.55487434  35.23867577
 -55.99001965  38.76110449 -17.6537585  -11.7528521    3.79968646
 -10.24284336  13.77823062  -1.42035543]


[ 18.83568097   9.56942521 -11.84237388  -4.69812236  39.87508451
 -54.95564743  42.22566826 -25.57030872 -12.88388954   2.47786251
 -13.44548697  21.81702488  -0.13202893]


[ 18.88297189   9.86155334  -9.20203802 -12.0819184   46.26089308
 -52.09831202  29.39713461 -23.7983538  -10.73928587  -3.28500461
  -6.18689126  25.88983794   8.10284964]


[ 19.34898234   8.24457876  -8.23706872 -12.59918996  34.54152902
 -43.6899604   25.46659274 -20.85185665  -6.15490489  -9.47164502
  -2.37260053  15.2785121    5.07259608]


[ 19.46160341   8.44751063  -9.73833514 -17.21003564  37.1469795
 -47.47208137  26.32322636 -19.87631286 -10.68395024  -6.16628144
  -5.74409869  17.58292459   5.64302272]


[ 19.82170175   7.72685039  -8.84670425 -14.58618275  27.15016998
 -37.38557524  28.4472354  -15.28953611  -8.89731724 -11.46453411
  -5.09318794   9.55918232   0.87409123]


[ 19.94009865   6.32754915  -9.05147722 -12.96821201  29.50682462
 -39.97252426  30.99868941 -14.01055379  -9.34303192 -13.44901669
  -2.25258994  11.8630169    1.30591763]


[ 20.08705598   4.56557127  -7.84581321  -6.12165117  33.13679209
 -39.65727129  30.487524   -15.0757803  -13.69925403 -10.40680708
  -1.51535463  12.87106443   3.46184822]


[ 20.06699019   5.54662973  -7.1268401   -7.48847553  33.8884165
 -41.70144812  33.98420933 -12.79749768  -9.54368665  -6.47515308
  -2.67437732  16.43844028   6.56564963]


[ 20.26621001   7.93975153  -8.15097074 -12.3085992   30.09642573
 -47.33569509  38.98525639 -13.70358322  -9.50191826  -7.09072211
  -4.84332441  22.23251831   5.57178014]


[ 20.22158283   8.41593801  -6.16286958 -14.94035293  30.71632256
 -45.9694258   34.91240052  -9.06478345  -9.3120248  -14.15562811
   0.45672245  21.66877608   6.74940316]


[ 20.3003258    5.99236239  -5.55181842 -12.67818737  29.34534276
 -43.85075256  32.74640403  -6.24130443  -6.68069281 -11.22388869
  -2.7760751   24.04594077   4.73914736]


[ 20.34571369   9.18586437  -7.42806298 -11.81029811  40.59618769
 -57.05423898  41.69519314 -14.01907702  -3.79289232 -12.26703907
 -15.5142368   33.99512972  -1.26751397]


[ 20.40601334   5.89291071  -5.92439076  -9.21494953  32.90751155
 -48.77040008  31.82464194 -11.61671441  -4.01214149 -18.50995207
  -7.77019377  27.09509239   6.32722685]


[ 20.38081826   8.80237551  -6.13148452  -9.07190464  38.43056875
 -52.86090634  34.28442183 -16.09424074  -5.68486679 -18.22605907
  -9.149898    28.22690451   7.00953358]


[ 20.50008184   8.87183497  -7.92059757 -11.65772998  35.99838814
 -58.47558018  37.59894578 -17.18928598  -7.66274761 -11.51897378
  -7.97645133  31.18129775   7.08863714]


[ 20.45818434  10.33713406  -7.1419191  -12.96943515  38.57369718
 -56.89275299  38.8089628  -14.28306552  -9.96732307  -9.46676307
  -2.45034343  24.0058046    7.5224952 ]


[ 20.49740047   7.94042586  -7.62110562 -11.75981553  31.24658757
 -50.54846893  32.84037686 -17.06842885  -8.95043186  -7.27702008
  -2.5061129   20.27884012  10.81773085]


[ 20.50396059  10.13553955  -9.28495514 -12.0989211   40.93327474
 -55.30801593  38.04505816 -26.75699287 -11.8788978   -6.49070648
 -10.10627895  28.85239122  13.783703  ]


[ 20.51053942   8.12341402  -9.18063018 -10.84357999  40.51490799
 -45.74635326  32.58690734 -26.90915072 -10.24967254  -8.47520825
  -6.11415516  26.27239834  16.04456239]


[ 20.36914648  12.65706087 -11.10079411 -16.88597951  45.39983146
 -54.14072962  37.5236818  -30.73758797  -7.9632369   -6.01314471
  -9.66790068  33.14847752  11.40754084]


[ 20.48740166   8.74471085  -9.16991087 -13.25669592  35.14609853
 -47.76498819  28.33968205 -22.12788457  -7.52597381 -16.819706
  -0.86991519  26.63000582  18.83482589]


[ 20.6070146    8.18774629  -9.44631694 -13.43083657  36.49303774
 -49.73505866  28.98730434 -23.76017877  -7.51159351 -23.49120389
  -1.93308584  25.81188151  20.85607277]


[ 20.72143196   6.89999176  -7.99699087 -12.83443013  35.45956461
 -48.64884002  24.53049817 -21.03363995 -10.20626575 -21.91434514
  -2.5438425   25.63027419  18.20104936]


[ 20.82742253   9.19151364 -10.77444592 -17.94840598  36.42253003
 -56.98514482  29.84396257 -24.73383776  -6.74876665 -13.65236674
 -10.73165442  33.42323875  13.68241161]


[ 20.88286521  10.27850505 -13.05879756 -19.98763421  40.90545425
 -62.0257306   35.54280152 -28.01716628  -7.02863266  -8.14290613
 -14.1870423   38.84684445  13.71434201]


[ 20.82674897   5.06773382  -9.16039937 -16.55846255  31.8501518
 -42.7672067   18.4522102  -18.33749813  -5.4088246  -18.22542056
   2.65061013  27.21052748  25.04195909]


[ 20.86499608   9.16150471 -11.5579489  -18.14763053  40.60510942
 -55.87740967  30.04266501 -27.94102749  -5.63885074 -12.15622148
  -6.70187722  37.9081276   19.36458685]


[ 21.07419534   7.63465646 -11.54736269 -19.35275173  39.09292089
 -54.34446416  23.91898683 -23.41860786  -3.47818313 -16.19141102
  -0.58193595  32.45232814  19.06955274]


[ 21.32223318  10.18579863 -14.62721084 -23.88954005  46.4275484
 -62.79249401  34.6517292  -27.19756671  -4.01324994  -7.08950867
  -9.16253901  38.99949351  11.7060106 ]


[ 21.37943124   3.96780899 -12.96347726 -22.05503485  37.50430248
 -46.73156079  22.77304145 -16.63746132  -8.0759443  -11.42627463
   3.34474055  25.45755947  20.74606282]


[ 21.44662802   9.75046703 -14.99542727 -21.70488053  55.97156241
 -64.56695067  40.8287642  -28.28294555 -14.21049954  -2.00856928
 -15.36738865  43.16645363  14.12006693]


[ 21.61511345   4.48973503 -12.85493946 -18.22025849  42.00074275
 -49.48198811  25.20518106 -22.23182611  -7.69247573 -15.36877148
  -1.31477981  24.998563    19.90079011]


[ 21.80612572   5.9530263  -15.33014855 -22.13220995  47.49604583
 -53.25173027  30.94930584 -21.67733289  -8.64015578 -10.89828394
  -4.283799    25.92403188  18.34473237]


[ 21.78982163   4.73368654 -15.689426   -22.18530632  42.55810974
 -49.06597961  30.12521435 -20.58350436  -5.43524738 -10.59513844
  -0.1711472   23.65464212  16.09827048]


[ 21.70114373   4.91684728 -16.69602086 -21.79293788  45.45735412
 -50.96267613  34.69415079 -20.46161598  -6.2066112  -11.64954075
  -6.45317806  25.5388774   14.36005629]


[ 21.66760199   2.87399337 -13.40330526 -18.29552016  38.26931242
 -39.80412225  28.183523   -20.21452622  -6.45993003 -14.94447822
  -5.92974466  22.3184256   14.71009179]


[ 21.80387571   2.1557719  -12.26223426 -19.78384924  35.89028706
 -36.03457988  23.02456662 -19.9564433   -5.31384752 -16.11979068
  -1.37917044  19.90057877  14.51850546]


[ 21.89611239   4.58117253 -12.88283757 -22.19800409  40.54180056
 -43.01056312  27.71659    -22.09283392  -6.22345501  -7.15622891
  -6.8219602   24.52921602   9.31965768]


[ 21.91989073   5.7664083  -17.91379181 -25.22528931  47.5309876
 -56.72296053  34.85494869 -26.90926519  -4.11745446  -5.52367018
  -7.59318561  36.40250682   5.21649637]


[ 22.02501883   4.02538174 -18.0638575  -24.92513986  44.799716
 -53.61442471  31.52899268 -24.65337742  -0.05505786  -7.74384362
  -1.26933829  32.41228878   5.92516912]


[ 22.17636871   2.91479891 -18.45999234 -28.122966    44.92821342
 -57.21545835  28.89541299 -17.85766123  -3.58727483  -5.77842288
   1.7937827   29.78664635   9.77003396]


[ 22.17153199   0.16187529 -14.23501541 -28.51316978  38.89018341
 -45.10261345  16.45309277  -6.9815283   -7.28115671  -7.0604171
   8.72224182  15.97344013  12.95641782]


[ 22.12455601   1.78559051 -19.25352302 -31.74175592  48.1151239
 -57.00610065  25.82514276 -16.01617774  -8.46869767  -6.75802013
   6.08836166  24.42661963  13.62804676]


[ 22.13394287   1.65968923 -17.60333267 -28.7027293   48.4850124
 -54.85730368  24.07177509 -14.79487114  -6.24047776  -7.0264212
   5.877296    23.60727395  12.36473522]


[ 2.20944280e+01  1.73919510e-02 -1.61923880e+01 -3.02891531e+01
  4.05455658e+01 -4.91919244e+01  1.71229406e+01 -8.17899571e+00
 -6.77886587e+00 -7.12521145e+00  7.58006163e+00  1.60173938e+01
  1.52709155e+01]


[ 22.06526369   3.45274683 -19.26702139 -30.8323503   51.51214455
 -63.23024181  29.54685159 -13.28590861  -7.3969055   -3.07766149
   1.70986209  26.47350666  13.08168188]


[ 22.10653208   0.67920988 -16.99302044 -29.71628125  45.07516241
 -53.54717961  22.43494867  -9.67950301  -8.53833177  -6.50404729
   6.92168873  22.78545968  15.36776179]


[ 22.06487942   3.51710559 -21.06183372 -34.46789017  52.06067098
 -67.12809725  32.4351388  -18.71942761 -11.99877759   0.35841882
  -4.12095405  34.07189642  11.33483495]


[ 21.95387912   1.59560344 -19.54905173 -32.7482382   43.82734232
 -59.8144416   27.00892671 -18.53360824 -13.65962882  -2.71787161
   2.50073913  30.68384033  12.70566424]


[ 21.90139977   0.59480729 -15.86035036 -25.44974635  42.10172847
 -52.98852268  22.0912945  -15.30158815 -14.17039425  -3.38992801
   5.53418     23.82267457  10.61995273]


[ 22.08340538   0.22115369 -18.68531565 -32.98251983  42.43525184
 -58.48622226  23.44855874 -16.16192971 -17.21030385   1.2796617
   6.68829155  26.7635307   12.3518642 ]


[ 22.35612234  -0.49201554 -18.99891599 -33.026604    44.84289011
 -55.29457425  22.69190588 -20.17995198 -18.55232528  -0.48148478
   5.55706611  23.70262353   8.82216449]


[ 22.66423183  -1.35120926 -19.94177365 -33.983351    43.75757825
 -54.21421279  20.66066223 -17.09424017 -17.74527118  -2.44247082
   6.66899012  17.11902021   6.23104577]


[ 22.83289661  -0.44017757 -23.51348794 -34.73413841  52.77895742
 -65.1021745   28.50224906 -20.52042664 -21.76567488   1.15139356
   0.97222922  22.15743273   5.16972046]


[ 22.91873837  -1.98980775 -22.72335819 -34.42175733  50.23751328
 -63.65447118  22.74776711 -13.82963805 -23.80047965  -0.41904433
   2.37702054  18.00265592  13.07258035]


[ 23.01402121  -1.56588103 -22.85829577 -34.78838283  48.91982108
 -61.9333034   23.44293854 -16.79786603 -21.25014448  -7.21965736
   4.91649586  15.20384634   9.58887027]


[ 22.96116617  -2.23995023 -20.82539121 -34.09888551  46.71678599
 -56.57216644  18.68693935 -14.97499123 -20.65431514  -7.1805906
   4.96953749  10.72868408   6.3645205 ]


[ 22.82968172  -1.77064515 -22.16776488 -34.61697795  47.18947906
 -61.0841722   21.4463192  -17.53038993 -17.55616429  -4.82255329
   1.63823968  16.79122412   3.74342485]


[ 22.75284937  -3.41282948 -20.59527163 -33.02260579  42.08548024
 -55.94629937  15.20687888 -15.10798039 -17.0260865   -7.18396866
   5.36033565  15.77653035   7.60062178]


[ 22.8873087   -5.23008877 -18.42936587 -27.87789835  36.92292347
 -48.38711988  12.10606755 -14.71615255 -14.43563089 -11.39583824
   7.79835616  12.61233411   5.47570197]


[ 22.85699036  -2.92843277 -25.59492642 -35.93194467  44.18378796
 -74.7350991   21.6334167  -24.7978574  -21.63405089   1.52123625
  -5.36763966  22.34904078  -0.61387329]


[ 22.9904732   -4.47145916 -28.47844711 -37.07704307  41.11479959
 -80.69311256  22.19165714 -29.96467572 -21.01791449   3.05304048
  -5.06513133  21.71271583  -7.39916074]


[ 2.30695413e+01 -1.04932440e+01 -2.19059704e+01 -2.96972097e+01
  2.76658832e+01 -5.80491885e+01  6.96219653e+00 -1.89121719e+01
 -1.51750701e+01 -3.14726004e-02  9.57016406e+00  7.23700377e+00
 -5.28333226e+00]


[ 23.14187852  -7.30465203 -28.59690607 -36.39030253  37.58760166
 -81.41066946  18.19333076 -28.83117418 -22.54561645   7.38521969
  -3.28190498  15.01132142  -7.34463849]


[ 23.2296552   -7.77752805 -23.30909869 -30.21811592  37.08273102
 -70.00867214  17.99629928 -19.53315739 -15.50493613   8.15744838
   3.24528498  14.89485925  -4.72305128]


[ 23.22677464 -11.04478604 -19.08218247 -25.95810405  29.8257701
 -57.05738443  11.72106324 -14.6851072  -14.10778568   1.11021085
   7.22104129   9.11255333  -2.78912576]


[ 23.19197295 -10.27402509 -25.96634879 -35.93422345  31.80841763
 -76.44184073  15.84307179 -28.46750679 -20.69338576   5.97136512
  -5.03495937  14.08524632  -8.13965269]


[ 23.28221582 -13.39410804 -22.43987487 -30.66312754  26.22985851
 -59.72604744   8.07298463 -22.98888824 -14.11877998   1.65969474
   4.65491651   9.3485978   -4.11647647]


[ 23.29774029  -5.67315967 -23.66420051 -30.51899753  41.83887827
 -72.97057029  27.56009847 -29.15270232 -12.15446123   8.45993064
  -6.88506278  21.60908403 -12.63584089]


[ 23.2901938   -9.10984846 -27.48907479 -34.47422572  34.51481238
 -77.56341359  21.03654327 -38.08558555 -14.21119203   1.73883168
  -9.17707258  23.19588039 -13.91947806]


[ 23.26478965 -10.44928543 -18.19531068 -24.84572984  31.57573239
 -55.76640847  14.93490808 -23.03929686  -8.7181886    0.70308441
   1.59564234  17.76683298  -6.7016061 ]


[ 23.19103276  -8.42221303 -22.69551853 -27.3439842   35.44685306
 -69.61900353  26.07000084 -34.71931117  -6.10972412  11.09159067
 -13.3767975   32.36770323 -16.2664569 ]


[ 23.30695487 -10.71238687 -25.79029175 -30.44986967  33.6759032
 -72.93190969  24.10750532 -39.12989187 -10.19976312  13.38914655
 -12.92289939  33.15223958 -15.90324881]


[ 23.42643926 -11.27369458 -21.96196837 -26.22925036  33.07212481
 -63.94385468  21.18040351 -28.82872673  -9.77678534  13.88162047
  -3.05708466  26.01699995  -5.12953289]


[ 23.44045806 -10.63078197 -28.1509139  -28.56686804  36.42572999
 -80.45636899  28.98019703 -40.78288592 -12.26373528  14.87457242
 -15.05554482  38.00417443 -19.48991739]


[ 23.51562017 -15.28497926 -27.88627592 -28.52684625  26.89286131
 -70.64410821  16.60409829 -38.54960154 -13.14814397   3.08681325
 -12.36388063  28.09683261 -15.44785859]


[ 23.610989    -9.58621486 -18.93382312 -17.9709293   35.93617513
 -53.89783074  29.05468662 -27.80915342  -3.46186626   3.4267784
  -9.41308691  24.70796724 -13.0695796 ]


[ 23.50820674 -13.29705915 -28.21720674 -26.48018269  30.86469986
 -73.15558961  25.81484548 -39.81323869 -10.33011342  11.90033717
 -18.30504862  31.98767402 -15.63888388]


[ 23.53438469 -16.05539991 -24.54675515 -18.92424117  24.40612933
 -60.49205988  20.19273214 -33.67960678  -7.9234299    5.4431557
  -8.31887666  23.07435294 -10.21598595]


[ 23.6006073  -14.60459502 -20.17439553 -14.29599014  28.23011576
 -50.3761213   24.70455213 -30.36856927  -7.94333289   8.42521064
  -9.27653799  22.40894025  -8.82608203]


[ 23.51039193 -15.0840022  -24.01718572 -16.37223287  26.50153104
 -63.44404749  27.38967166 -40.26292255  -7.83195302  14.10761878
 -18.39490237  27.73929801 -19.19823208]


[ 23.55568152 -16.3031948  -23.50650414 -16.94627254  25.84717941
 -57.51505649  28.49105615 -33.37910841  -6.25723329  11.89067256
 -12.35383211  29.22138554 -12.22010608]


[ 23.56726567 -17.4940634  -25.63102836 -20.60548999  26.18642829
 -60.77895252  28.88170704 -32.4711737   -6.00716713   9.33329886
 -13.42491687  28.14377221 -11.90357836]


[ 23.43805867 -14.66542764 -26.09829542 -23.46525604  31.06199422
 -64.05629368  31.71816938 -35.20579867  -5.58496378  10.3567894
  -8.73323726  28.24438246 -10.37979134]


[ 23.24536462 -12.20748587 -20.73448298 -21.84230541  36.2255943
 -59.98915031  29.59718202 -25.29920854  -9.19050835  11.14120238
  -5.80378546  21.34935323  -9.7779617 ]


[ 23.3466625  -11.21663135 -22.34840554 -26.07822624  40.69855126
 -66.1319588   27.0430177  -30.54521387  -8.05176594   9.94450575
  -6.07008968  15.35028837 -14.48464456]


[ 23.28857376 -15.11750436 -17.24048156 -25.5104874   32.90423837
 -54.66629925   7.25260341 -22.1832185  -14.03245454   3.86576751
  -0.20576549   1.83930576  -6.17021611]


[ 23.39731668  -6.21079586 -22.73517839 -29.64881793  50.77867761
 -79.81800326  36.72834079 -35.05241061 -12.14045797  17.61657852
 -12.85649349  23.68443447 -16.58191646]


[ 23.45331475  -9.54723626 -18.98426708 -28.79649048  45.2001833
 -64.76443358  25.41001337 -24.55549472 -16.91241168  12.91029861
  -2.34694559   7.6257973   -9.5638722 ]


[ 23.45570358  -8.57507211 -20.20375829 -29.57200952  43.75944307
 -63.64301905  29.26256677 -31.71069741 -13.62593905   4.93318994
 -10.05350603   7.05477283 -16.64664107]


[ 23.49668689  -4.88340598 -16.94108273 -27.34334774  52.58013097
 -63.7014819   37.83279144 -28.65494012  -8.12653863  15.29529641
  -8.21238204  14.74172382 -11.5980653 ]


[ 23.54105245  -9.51646664  -9.84774662 -22.9833759   41.62935492
 -46.48897456  17.44412612 -14.61784028  -9.40696856  10.93434947
   7.70987742   7.00908671  -2.94618536]


[ 23.49525371  -1.73565744 -13.25296788 -25.70560153  54.22746613
 -63.53846464  38.11768663 -22.70601156  -4.77910954  20.51605999
  -0.95497933  18.00098616 -13.08647475]


[ 23.51801344  -3.91505199 -11.25814268 -21.8195848   50.20939665
 -53.37697768  29.92097982 -22.50028536  -3.80423584  16.61662014
   7.69656221  12.22583569  -8.94074004]


[ 23.64931596  -8.62959039  -9.30960051 -22.29865858  42.74372428
 -42.91139911  19.5585055  -11.83406738  -5.79574534  13.08478229
  12.01412996   6.74488281  -0.66901299]


[ 23.65469885  -7.88923347 -11.43466642 -24.57464606  42.44575472
 -43.53442776  22.57252719 -15.04863336  -4.25461081  14.16157428
  13.76997259  10.58691414   3.64513403]


[ 23.50396219  -4.07264468 -17.52900235 -26.39364707  50.04010862
 -56.89097674  39.56529109 -22.51753085   0.25371918  15.60821849
  12.49035774  21.29730792  -0.51829567]


[ 23.46336891  -5.60584145 -14.26565093 -23.61595977  46.20821548
 -51.43602656  33.82529654 -16.38192517  -1.58583259  18.70168064
  10.86168384  16.98456313  -2.41857005]


[ 23.40154357  -3.18380848 -16.5388029  -27.93556235  48.00246935
 -59.19246588  42.3942704  -21.11575907  -2.69513461  21.46605218
   1.70188813  23.47572094  -2.81318088]


[ 23.45000493  -2.74394529 -16.10984836 -25.31097658  52.51944972
 -59.68240113  47.97049499 -24.8631563   -4.7198045   18.50396842
  -2.66844856  25.82434767  -9.29930104]


[ 23.45264879 -10.91380779 -11.9123899  -24.50577767  39.4887392
 -39.30598018  25.95169861 -13.94277751 -11.9747603   11.66918595
  12.77982062  16.8389597    7.40952584]


[ 2.35122745e+01 -1.79359136e+00 -1.69762665e+01 -2.70477941e+01
  5.70361617e+01 -6.51834566e+01  4.83234868e+01 -3.10101046e+01
 -6.48184309e+00  1.84306485e+01 -1.43022181e-02  3.02926171e+01
 -4.33783081e+00]


[ 23.58944447  -1.89735173 -14.83457084 -27.36271445  53.72240492
 -65.53074887  34.58857024 -30.01619375  -6.75647767  16.71801838
   4.02084616  28.16511991  -3.57450242]


[ 23.6324489   -2.58766018 -15.6565651  -27.71886873  54.21625442
 -66.86546568  33.26028724 -29.32642613  -6.60359536  17.16835992
   5.21070231  30.00548214  -5.54366317]


[ 23.54750879  -3.72636567 -16.23126193 -29.22377983  51.75743557
 -66.28351     32.82696257 -23.42574759  -9.13573928  18.34321119
  12.64639544  29.10496082  -1.70520433]


[ 23.4959708  -10.4254475  -14.00574409 -27.66146197  42.69066714
 -48.67099239  20.12932068 -10.15406889 -10.54918295   8.60197507
  18.2970361   16.64342724   3.44484355]


[ 23.53704914  -4.00880854 -16.24297496 -28.20754851  53.00077608
 -66.17876     38.83926652 -21.87222267  -9.07572194  12.07070367
   3.31080871  22.74463631  -3.24524679]


[ 23.61732983  -7.26124086 -12.76517638 -26.19779156  42.94573081
 -54.99826364  26.08582354 -20.13263638  -5.74867317   7.39707892
  10.89060625  13.90030444  -2.63669705]


[ 23.63445052  -5.04656796 -13.70464864 -29.71129931  48.04031787
 -59.55510948  35.05123265 -21.87631924  -9.14868856  13.9425146
   3.83680169  18.13192844  -5.71860863]


[ 23.73108071  -6.31371269 -14.28626957 -29.69924683  47.60726516
 -57.53339725  35.60744092 -23.83576027  -6.03440441  18.18364722
   8.36411395  23.56381875  -6.10424109]


[ 23.73402731  -9.08216168 -13.65272869 -32.36449511  40.45064833
 -49.43839158  22.77865069 -19.59403698  -5.89239311  14.85226211
  13.92794594  18.43163569   3.70985182]


[ 23.71228127  -3.15280756 -17.52575501 -36.06085778  52.31483892
 -63.33792917  40.83388868 -21.35697091  -6.79044106  19.63870528
   2.75106201  23.33542457  -3.5751559 ]


[ 23.67517536  -5.81889652 -16.5249832  -33.1398732   42.21183348
 -58.38973449  27.21326659 -21.52676944  -7.70775585  14.69861075
  11.27589087  17.71606999   3.17217922]


[ 23.83026519 -10.56365633 -10.71282631 -26.27072941  33.10764055
 -40.48594171  15.5892793  -13.52062601  -5.63612037   8.56875451
  14.67389802   8.43031681   1.81653812]


[ 23.71606061  -2.61554718 -17.89715235 -31.73887661  51.22213604
 -67.68091211  40.8549918  -27.88680238  -7.95419396  21.31367825
   3.58524358  17.25110446  -3.44138331]


[ 23.67040262  -5.4987082  -19.02203309 -31.65073619  49.93134895
 -63.76412994  38.71727901 -26.41626687  -4.67974225  23.41094558
   6.19479554  18.02677394  -1.6571415 ]


[ 23.57301718 -11.222024   -10.25882563 -26.73640789  34.81426707
 -36.90723791  17.27284494 -15.15168906  -7.45390868  12.73835402
  10.55434388  10.17875903   2.38097398]


[ 23.51431447  -1.51462533 -19.02040536 -34.79248076  54.91931527
 -71.97707501  42.65440856 -32.22076878  -8.49899459  28.80352163
  -2.02643075  29.44685693  -0.80932826]


[ 23.23166898  -7.72629638 -12.02196719 -27.59836559  38.38271484
 -46.874571    24.45159756 -17.51468766  -4.73191297  18.2946063
  10.04243817  19.17007438  -0.10016389]


[ 23.33091607  -4.40130532 -14.81965833 -28.77616399  44.96058485
 -57.3083376   35.67295331 -23.48543871  -8.81277281  24.86612831
   2.92952455  18.45313134  -6.19499256]


[ 23.01421779  -5.71765809 -13.99125136 -27.45802157  38.49014836
 -55.7854383   29.25000358 -19.91520103 -14.32611582  23.39424109
   6.38596485  17.42647259  -2.802654  ]


[ 23.08823516 -10.4051574  -11.75720309 -26.26280238  30.65539748
 -43.89303437  15.4287579  -12.98310419 -18.03244968  17.70564162
   8.8573103   14.61039594   0.60598029]


[ 23.00174985 -12.28018845 -11.3023049  -23.01020464  30.17065917
 -39.62081077  18.91218617 -11.62284926 -11.76782292  18.21368057
   6.17833519  14.45131606   0.88975106]


[ 22.76982524  -7.05993959 -14.8040422  -23.16236774  39.27908407
 -50.37936452  37.8004697  -17.75596027  -1.76975064  28.20044127
  -1.28201342  22.7889369   -4.45931045]


[ 22.76503047  -5.70517671 -17.06008558 -24.96428105  41.28882204
 -56.62128246  44.69163742 -22.60669535  -5.3041432   27.55116713
  -5.03304837  21.44022233  -8.92676371]


[ 23.03872051  -8.37603214 -14.34226629 -25.68563329  39.33553373
 -48.290683    33.55961032 -17.84030518 -11.14677111  23.12971535
  -0.8563388   15.42496891  -3.65168885]


[ 22.86846149  -0.99331451 -19.53822085 -27.35593759  53.65556891
 -67.17430576  54.39546928 -32.86280216  -9.24994069  27.33640159
 -13.08966011  24.98783824 -12.72096615]


[ 22.81526676  -3.42525664 -14.59152458 -26.40797297  42.40528241
 -51.49746902  38.80525124 -18.7631924  -10.92304325  19.99515908
  -3.21059836   8.36320499  -6.39645534]


[ 23.01273491  -3.42167164 -14.72349513 -30.77502157  43.6595799
 -51.83866561  33.85104394 -18.49137175 -15.79422533  18.78117644
   2.10165899   7.9148379   -2.78699362]


[ 22.86313334  -4.54455691 -14.21015258 -29.67737001  44.85525639
 -48.82373201  35.25265409 -15.68786213 -16.46603952  20.24478642
  -0.45484306   8.87412799   0.23708023]


[ 2.31802960e+01 -7.00857143e+00 -1.35532065e+01 -2.95641403e+01
  4.36722688e+01 -4.60536720e+01  3.02592214e+01 -1.68840181e+01
 -1.73274577e+01  2.30444484e+01  2.17335830e+00  8.81212046e+00
 -3.98231940e-02]


[ 23.29050913  -3.90308648 -17.34449503 -30.78496228  50.52096377
 -58.844288    41.98453963 -25.60522427 -12.77811643  27.71082639
  -4.78983303  10.85331925  -5.60366193]


[ 23.34052784  -8.29195622 -13.3566481  -28.51625594  39.4335274
 -46.28316883  23.91460189 -16.52229711 -11.67158286  24.30623136
   2.72423306   9.92687528   0.58775438]


[ 23.43365278  -5.19360794 -16.46990402 -31.14886977  44.83082766
 -57.85629661  30.93046649 -22.15138792 -10.21382098  23.69669442
   1.13525072  16.84002914  -1.89971099]


[ 23.53521389  -6.39910492 -16.05844188 -33.6220761   45.31451909
 -57.24936516  24.48617253 -17.99438157 -13.55785264  22.24665812
   1.3763522   17.4332686    1.86814971]


[ 23.58935379  -6.2378152  -14.67939777 -28.79842409  47.95285881
 -52.28143595  31.1041117  -16.74256912 -10.09689522  19.22681469
  -2.62044027  10.47387095  -4.09334714]


[ 2.35564908e+01 -5.09951620e+00 -1.79166016e+01 -3.35190199e+01
  5.05522056e+01 -6.09062418e+01  3.50818627e+01 -2.19552318e+01
 -1.62810517e+01  2.67479384e+01 -2.19168850e+00  1.39070682e+01
 -4.78039852e-02]


[ 23.51739348 -13.41648708 -13.50342744 -30.34050587  32.8991259
 -37.16414539  14.52345385  -8.32963481 -14.54751411  16.58118825
  10.9865181   12.42165898  11.07456103]


[ 23.55832003  -4.16838872 -20.95067018 -36.21701531  50.26898941
 -64.73089075  43.03578698 -27.0125155  -13.01882997  23.71845502
  -4.65149303  24.41719104   2.84412658]


[ 23.59692784  -4.94604949 -20.23077142 -37.73395858  49.00872879
 -61.93732683  42.15829914 -20.52709929 -18.55293757  26.08928326
  -7.32528459  21.73422538   5.23810384]


[ 23.64573083  -8.15267003 -16.60370583 -38.05393837  40.26438975
 -48.30601855  29.18043187 -11.13415989 -20.03729538  21.71034832
  -3.30858146  10.11692165   7.80824807]


[ 23.51502626  -8.58867722 -19.79357855 -35.4275412   38.31708257
 -52.99483309  32.57381879 -13.26222182 -13.47901369  15.89447974
   0.99046494  19.05717183   2.93837258]


[ 23.53353164  -8.91919685 -18.15980301 -34.05862931  38.45913875
 -50.76960087  30.70059498  -6.90005825 -17.69648745  13.78404683
  -0.40959398  13.36580874   2.87953572]


[ 23.60974724  -6.76012938 -19.32478588 -37.39379505  42.57288967
 -53.53308803  35.66248852 -12.64215426 -20.40981975  14.939585
  -5.69589114  12.10364034   1.55084152]


[ 23.3889966   -5.11655663 -19.59193953 -36.89367728  46.11003861
 -57.50793103  38.53071907 -16.66543495 -20.29907287  15.1084872
  -2.60269405  13.16741817   3.46189523]


[ 23.37274033  -6.85373846 -21.27532906 -39.06444229  42.83735059
 -59.52983133  35.26324738 -18.27586942 -19.16865798  15.02146945
  -3.08531561  18.05958614   5.78801613]


[ 23.33231822  -5.66707191 -17.90350808 -38.11734456  44.12511086
 -54.50943849  33.93947457 -13.85259398 -18.68744507  17.58863627
  -6.15845022  13.80113525   2.97507087]


[ 2.33518028e+01 -5.95609532e+00 -2.02520175e+01 -3.81870797e+01
  4.23742385e+01 -5.83712861e+01  3.50603565e+01 -1.66072030e+01
 -1.89180135e+01  1.23982471e+01 -5.70947731e+00  1.68657534e+01
 -3.94402337e-02]


[ 23.37308878  -6.52371402 -18.86260322 -38.74367992  42.0125273
 -54.50206481  31.03852277  -9.56347713 -25.05665775  16.04188804
  -4.6239806   12.63906488   3.17818855]


[ 23.35429909  -2.76673422 -16.76021938 -33.19549537  44.99193801
 -51.90070783  38.15059093 -17.58702683 -18.86690955  10.50976515
  -5.58217721  13.12996243  -6.34404723]


[ 23.325487    -2.90643939 -22.12464837 -42.56633476  46.77286743
 -63.55839348  38.52885337 -17.41657185 -23.75619694  18.51103933
  -4.42103607  16.14928746   0.29593856]


[ 23.37564809  -8.8852171  -18.40844931 -37.64220716  33.31130179
 -46.98183477  27.87250222 -11.53504179 -23.77409085  14.48926668
  -0.60948873   5.55829332  -0.76000157]


[ 23.35277315  -8.25953677 -19.27235254 -36.52360442  29.22954749
 -46.90490452  30.31594539 -18.17914694 -17.75973644   6.1787474
  -4.14394011   6.52901094  -7.78624964]


[ 23.20105214  -4.66020953 -23.62443396 -42.80214626  38.89376217
 -63.7893778   39.1221781  -20.4841544  -24.60067757  11.95157497
 -11.09252363  11.88550656  -5.87327952]


[ 23.12327841  -8.25092777 -20.52005902 -39.4221877   29.87349423
 -52.05834568  28.07798713 -15.23490347 -25.18552529   5.23093495
  -7.11994131   7.28971745  -4.96861092]


[ 23.09397329  -4.36062919 -18.56761429 -37.0009143   37.89441035
 -53.6881491   34.752861   -14.51335543 -22.46766229   8.29539702
 -10.2181878   10.60937795  -9.44345591]


[ 23.18387187  -6.28279207 -23.24549079 -43.99189587  34.77295869
 -62.88979487  30.63862475 -21.25378276 -28.98743704   7.68667406
 -11.44224036  11.4655716  -10.87324586]


[ 23.2268404   -7.60659535 -20.39169822 -41.83389552  32.01959824
 -52.18025751  26.93189419 -16.40790149 -26.94475788   5.83471325
  -7.67094025   9.7234109   -6.11539967]


[ 23.29139304  -9.65863437 -19.08075117 -42.15979533  26.43363614
 -44.60095559  17.02682054 -14.36217362 -26.60288362   0.22543965
  -6.94839295   3.38535647  -3.88756421]


[ 23.15787462  -8.02953835 -22.05053011 -42.24069776  27.50346506
 -55.52078433  25.50484362 -21.82305398 -21.35011519   2.79662695
 -14.19261339  13.3063824   -9.82461371]


[ 23.32557387  -7.3283692  -22.32521305 -43.06172292  29.3954305
 -61.38311454  24.88196059 -19.88710406 -22.80749327   3.40957661
 -14.33384242  12.40594374 -17.03438399]


[ 23.46153198  -4.28959024 -20.6631377  -42.83263754  35.38597872
 -60.90639315  30.12761772 -20.40532773 -19.57730356  10.25544206
 -15.29764834  16.45396668 -18.73825083]


[ 23.45959468  -8.56614466 -21.1006315  -42.68932639  24.99202953
 -55.42491362  17.40013907 -23.55838159 -22.09645972   3.59256252
 -10.30084081   5.83730863 -17.51586316]


[ 23.3142475   -5.59123103 -17.99454136 -38.84813202  30.56187531
 -52.52973099  19.92549467 -15.84902823 -17.60503306   4.85809775
  -7.57345398   8.92336347 -11.85485335]


[ 23.26607785  -6.26873877 -21.06960168 -42.01105676  31.81738572
 -57.97721848  22.40786945 -18.9390796  -19.46098625   2.14352121
 -11.60435829  16.71948554 -15.43146608]


[ 23.3253276   -3.57771936 -22.90277808 -44.36637629  37.00458485
 -67.47121877  35.2809169  -25.65126973 -22.62728438   9.29094664
 -24.4457057   28.68213385 -24.0574521 ]


[ 23.46183808  -4.45918866 -19.75355493 -40.56735691  35.73892907
 -54.71935836  31.65190209 -20.00311734 -18.85988689   6.86313417
 -14.27459608  22.23756243 -18.39261654]


[ 23.48622454  -6.42093201 -21.89572074 -43.99367099  31.37911722
 -58.80244557  24.83229283 -25.30768963 -24.88649769   0.72998264
 -18.08878092  17.23521083 -20.07395926]


[ 23.4264367   -8.16136502 -20.19425959 -44.43252933  27.40866509
 -52.7875502   16.47320467 -22.91265128 -25.45985054  -2.27222338
 -11.53647258   9.22639376 -15.03899778]


[ 23.36102894  -4.54014917 -19.52592625 -42.29350799  35.51771291
 -56.07780216  24.33046859 -20.7267987  -22.05995654   4.39863876
 -13.54525556  10.32080616 -13.89225183]


[ 23.24606432  -6.23007584 -20.33871908 -42.60713535  33.49105255
 -54.29997249  22.22117537 -18.84519409 -22.98374641  -0.66417617
  -9.70050066  10.4623394  -17.08498036]


[ 23.32159556  -5.92871834 -19.42750726 -43.53945353  35.17487707
 -53.01228676  21.28951428 -17.19119109 -21.77882329   0.35023688
 -10.33862637  13.64107064 -15.11726931]


[ 23.43515098  -2.32143793 -19.82296993 -44.78438308  42.03457587
 -58.57688883  30.24132032 -20.90482165 -16.89371098   6.58346179
 -17.07882998  20.35846333 -16.60928341]


[ 23.41450176  -3.57303932 -20.38966427 -45.2646502   38.17814697
 -61.54458887  27.35461371 -21.8647173  -18.4997161    6.2027059
 -21.0827867   19.28789485 -14.96555611]


[ 23.21637184  -7.77888669 -19.09585432 -38.80865318  24.70500306
 -50.83730075  16.81750476 -18.40058584 -13.79724847  -6.17843714
  -9.76792632  10.56838878 -15.03146377]


[ 23.10516095  -5.08107465 -23.20832092 -44.30719124  32.91791551
 -66.49925895  27.2340643  -23.18783004 -20.44626057   1.56158731
 -20.82241314  22.92244182 -20.771721  ]


[ 23.17939687  -8.60442516 -20.70935054 -43.01309998  25.43691519
 -56.28295909  16.02357137 -15.53573633 -21.35736054  -4.3914743
 -11.42213431  10.11761316 -15.14598908]


[ 23.27562421  -5.19531155 -20.59197012 -45.00187388  32.23138031
 -57.95217028  23.14176772 -16.52489699 -18.28262446   2.21249645
 -15.80486175  17.08825388 -13.50795078]


[ 23.15675297  -6.23451458 -20.10730774 -45.22202952  27.64424924
 -53.29575974  17.07677919 -17.05698913 -17.36354695  -4.28645793
 -11.56702392  10.28139014 -14.06023046]


[ 23.05665657  -5.00594222 -19.17802654 -44.50415323  33.29148934
 -53.95381907  19.50535737 -14.12267469 -16.67190061  -5.04468539
 -11.16286231  15.71355327 -16.2635601 ]


[ 23.0813516   -6.68772085 -17.40348045 -42.41030867  30.43581016
 -48.39197702  15.14486344 -11.74128343 -17.19243012  -6.08606642
  -7.41665433  14.29283776 -13.29626842]


[ 23.12943149  -3.22544205 -19.55341346 -42.97780489  36.74138535
 -55.44986505  27.23143442 -18.86770753 -21.27514377   2.20640946
 -15.4906836   17.62142121 -10.33472882]


[ 22.98205115  -2.86406524 -15.28748019 -37.61079994  32.79764028
 -46.47772398  23.72714676 -16.22018923 -20.06820915   1.52414705
 -10.01323048  11.05780139  -6.62982384]


[ 22.85632956  -4.33907231 -22.11271216 -40.57899392  30.59113454
 -58.19434511  29.06487453 -27.99695251 -21.59352895  -1.27270731
 -17.09188358  16.97394171 -13.80093633]


[ 22.8767734   -6.12985724 -18.74290505 -41.47273707  27.95942628
 -49.83196207  19.13359452 -18.68176906 -19.77424144  -1.20615182
 -10.72300528  13.84962759  -8.2932538 ]


[ 22.96958284  -4.29172551 -19.9992708  -44.12205417  29.27966799
 -54.19827244  20.24743474 -24.03049335 -16.47216026  -5.55006392
 -12.19992878  15.75761213 -15.59780668]


[ 22.90832467  -3.10844807 -18.15918709 -44.93754931  31.87043133
 -52.98316145  16.16051969 -16.26706042 -16.66959654  -4.55326014
  -6.36543878  11.51868148 -14.39071095]


[ 22.79110343   0.19870445 -21.54221837 -46.74948519  39.57110434
 -68.64110051  28.35655431 -22.08114164 -21.41666508   2.24795189
 -13.25427065  17.03947661 -17.68458801]


[ 22.85300302  -2.10866733 -18.82349105 -45.21702704  34.96139676
 -59.11586334  18.58092789 -16.42752091 -19.31426366  -1.54926093
  -5.68726327   8.64780492  -9.35970351]


[ 22.92675206   1.97962227 -19.40859887 -43.97898147  41.23489463
 -62.38258775  30.42128054 -23.00233839 -13.49566565   0.41236546
  -8.0237542   15.80488368 -12.12807408]


[ 22.84623703  -1.25828892 -17.57819527 -44.66548508  32.82648313
 -51.73951156  17.58092074 -18.5249794  -15.9883165   -7.34532293
  -3.52217242   6.37954718 -10.81508305]


[ 22.69580287   0.14654177 -21.42210018 -44.67258578  35.33941516
 -60.05928829  26.37687638 -27.46999451 -12.95705578  -7.22199948
  -7.15424528  11.11494195 -11.69835619]


[ 22.67807846  -2.50092045 -17.26781369 -42.42143718  32.64828132
 -48.44112035  16.74847983 -14.47743263 -16.0140702   -5.65580216
  -1.27612407   3.07601577  -5.59353467]


[ 22.73272844  -7.19345333 -15.76023256 -39.24303949  22.84084426
 -38.80114229   8.3464798  -12.68005422 -13.65271507 -11.71391948
   1.21271903   3.16283058  -8.20237673]


[ 22.69546611  -1.5486244  -19.3493224  -45.13570412  33.49874521
 -54.78988322  18.61076961 -19.96699617 -20.95851415  -6.39370173
  -7.97940076   4.51290262  -9.31323183]


[ 22.47060553   2.58909353 -19.95217864 -41.51677776  42.46196072
 -61.93497362  32.13376356 -22.25084531 -17.40451303  -0.60992387
  -8.55082626  11.79570274  -7.08271157]


[ 22.44613617  -0.35043551 -21.50106987 -40.25737146  35.07935599
 -58.55783104  26.0204671  -27.23811576 -14.94246218 -12.45471107
  -7.13361808  10.66659546 -10.78405906]


[ 22.63066003  -1.50028795 -19.92660188 -43.02410375  34.26488569
 -56.44375799  21.14609892 -21.47744224 -21.16862816  -8.36723492
  -7.33228724   6.21576283  -6.02231485]


[ 22.79572208   7.50990154 -24.03681259 -49.60706474  51.90659568
 -76.88061328  40.92541678 -32.82799032 -22.07874305   0.65118907
 -16.22272853  11.66311618  -7.1058747 ]


[ 22.7837677    4.48473654 -19.92385245 -46.28528457  45.19806323
 -61.59330739  30.34393157 -24.70302952 -18.41329714  -4.42541599
  -6.97836458   8.95073469  -7.81890823]


[ 22.60975421   2.92490005 -17.55024931 -43.46222953  42.94370208
 -54.1025088   24.78965079 -20.07929689 -14.41320698  -7.83002902
   1.74607986  12.55758065  -6.10806895]


[ 22.59385044  -2.33002912 -18.10649055 -45.19486242  29.81004697
 -48.69609023  12.03663745 -21.99272984 -15.75418338 -16.30864178
   1.54808595   7.37581557  -9.10900231]


[ 22.64562337   0.89510278 -19.39036078 -46.08233418  36.33404468
 -55.85557544  22.59332281 -24.86613663 -14.11253581 -13.52900266
   0.91139314   9.78167728 -11.68465223]


[ 22.7398984    1.82356615 -19.39134566 -49.02733379  39.01061417
 -56.28929543  21.22747612 -22.38941757 -19.05667372  -9.99764287
  -0.25966275   6.8902231   -6.40664834]


[ 22.68101364   0.1264449  -18.43216052 -47.85228334  33.33690621
 -50.53724744  16.2013705  -24.46229109 -17.48940677 -15.16637961
  -2.0173795    4.5639036   -8.68209224]


[ 22.5610691    3.13051093 -17.85619392 -45.39511608  36.70475059
 -52.47133299  23.32353942 -26.33154696 -10.92252631 -11.76053582
  -3.92930511   9.93690861 -10.71882702]


[ 22.36035513   3.30989686 -19.67778101 -47.27996674  39.97335599
 -58.92197315  28.06166926 -29.72424119 -19.36170935  -6.20230798
 -10.90609607  17.75554848 -12.04738159]


[ 22.37728554   4.29758951 -18.06952619 -47.66567563  43.56167148
 -58.43138725  28.71509875 -25.29410996 -23.48695095  -2.32599571
 -10.8548189   18.93538358 -11.44415823]


[ 22.49671599   2.18093592 -16.94898743 -46.37992005  38.50242313
 -47.74140593  21.89535929 -25.02692318 -16.74621354 -10.56082124
  -4.29000742  17.35052574 -10.87852483]


[ 22.5094522    0.72879554 -18.03458252 -48.6679334   36.64229378
 -50.26058278  16.60708124 -26.13246845 -21.29778636 -15.20632635
  -6.44158311  14.28419986 -10.39300704]


[ 22.44939876   3.79742658 -17.56010102 -47.11297065  44.09832305
 -54.5345829   25.21085627 -24.15779846 -20.83614666  -6.58230957
 -11.53244606  18.50223765 -12.99267933]


[ 22.28653457   0.79897568 -17.3468795  -46.7281342   37.33205553
 -51.26884275  16.79997909 -21.32724069 -21.36590577 -12.99277791
  -4.12856355  14.24674033  -9.04329172]


[ 22.26300252  -1.77770001 -15.95816905 -45.27381305  30.31562091
 -44.62774377   8.60714556 -19.65252333 -20.92609471 -19.83886255
   0.2668072    7.72413268  -9.53284033]


[ 22.32399582  -1.92406973 -15.75007788 -41.20132416  28.22469941
 -42.18310677  12.97488346 -25.90931063 -15.03702906 -18.43867266
  -0.85373406  12.16488722 -10.30849678]


[ 22.3243635    1.50681683 -16.82977383 -47.55808631  37.28000921
 -53.97657868  18.08005396 -25.68795056 -27.94874433  -6.13745497
  -9.80123546  14.5860069   -9.09981726]


[ 22.19771471   0.37532163 -15.30056259 -45.86830869  32.43233632
 -46.92926348  14.4750799  -25.00440658 -28.75256407 -10.28545218
  -6.9363804    8.92241418  -7.60963958]


[ 22.02839781  -1.59424768 -12.85496882 -38.06862228  26.14420279
 -34.5267737   11.62024176 -21.62694117 -17.63297308 -15.78718361
   2.68758721  10.54414252  -3.87919141]


[ 21.97596184   3.31837009 -16.0900098  -46.27124955  40.4420273
 -53.63202879  19.61450364 -24.91465322 -28.22445046  -9.50157441
 -11.99184507  21.70311485 -12.9291663 ]


[ 22.00996825   1.13975276 -15.77026445 -45.61061715  33.52134384
 -49.466067    13.7524795  -22.9098125  -27.68735437 -16.54297439
  -5.27709527  16.80772922 -11.91701593]


[ 22.07162025   4.09385363 -16.96505972 -47.67208808  38.58657736
 -53.89613147  21.51532485 -28.17199572 -28.62344248 -11.23612584
 -11.86029196  23.16931846 -13.1847307 ]


[ 22.02867062   3.44146885 -15.98194045 -45.60909618  35.49697286
 -47.87060633  19.20050252 -31.33172724 -26.150949   -17.78345802
  -9.52948411  18.5662223  -12.84565267]


[ 21.92160161   5.86196139 -14.58313773 -43.5468117   40.1896679
 -48.25180865  25.05780979 -30.6509788  -23.50162096 -11.26681292
 -12.79017051  21.65023018 -12.5358273 ]


[ 21.7039153    5.35239078 -14.60956596 -42.09516499  39.3009342
 -48.08112999  20.74096344 -27.65764413 -21.17772379 -15.24533806
  -6.34224124  21.16314618  -6.91256443]


[ 21.63571927   1.87883213 -14.85595047 -42.53267659  29.98502504
 -44.36741321   8.23052704 -29.02608525 -23.58162829 -26.45003272
  -1.7353362    9.54935584  -5.76448106]


[ 2.16076309e+01  6.13007498e+00 -1.42326716e+01 -4.30798704e+01
  3.60557499e+01 -4.91625368e+01  1.52036493e+01 -2.58928321e+01
 -1.92148329e+01 -1.93467143e+01  2.03891744e-02  1.20191838e+01
 -7.46787252e+00]


[ 21.67892558   7.5923632  -15.84940404 -44.38430458  39.13047615
 -49.87459508  17.45140261 -30.5015302  -23.12535572 -20.51517987
   1.36111394  11.80935853  -4.59446096]


[ 21.68018669  10.88726917 -18.23320314 -47.2457782   46.79115335
 -57.23258763  21.8927511  -34.67446007 -25.36003201 -22.55265862
  -5.9776028   13.7800621   -8.51545489]


[ 21.66261372   9.95509411 -14.86941094 -43.47786508  44.89482332
 -45.38918328  18.31128092 -28.65983696 -17.37943721 -25.65884515
  -0.70450493  12.03529002  -3.64056703]


[ 21.52263906   8.44241393 -13.20112564 -41.90271707  42.32477986
 -42.13709686  14.24822092 -24.64104028 -13.61084528 -26.37556561
   2.83090901  15.59305776  -0.51571113]


[ 21.52656435   5.90526495 -16.72527663 -44.18317532  37.46870747
 -50.45839313  14.55103004 -36.04640306 -20.50735597 -26.28271166
  -9.58978392  15.95720036  -5.69586475]


[ 21.5454619    4.32014122 -15.66547184 -42.61998544  30.9432452
 -46.16665933  10.95011027 -34.68058363 -15.4704685  -26.66791522
  -5.90250141  12.54111775  -5.10454682]


[ 21.58780788  11.0689856  -17.60329857 -45.95104065  47.79119169
 -59.68648283  28.70666735 -40.97687328 -19.52260769 -11.70452269
 -20.31176484  28.38468395  -7.00843779]


[ 21.51263722   8.19824936 -16.51934671 -42.91485687  39.31484503
 -48.96948476  15.01050188 -37.82798485 -18.99907687 -27.57836373
  -7.5301469   11.75159817  -3.07790165]


[ 21.4297357   11.18197477 -14.0631175  -41.085017    45.74330898
 -45.30199705  18.56522537 -29.68802069 -17.56316272 -23.4075399
  -3.30710127  10.88802425   3.42984381]


[ 21.27538724  10.18455356 -12.77117726 -37.31246857  40.52510282
 -39.2950998   14.76303126 -26.89645841  -8.97720528 -31.05515554
   7.96002639  12.53695823   4.57806709]


[ 21.25884346   8.82590325 -16.61250514 -43.69368896  38.85680697
 -49.84631905  10.53644504 -35.42171815 -17.47544996 -35.81482035
  -2.17887093  12.97566859  -1.63332319]


[ 21.26064666   8.79769791 -14.8276741  -43.76328981  36.21392269
 -50.06955808   8.14028871 -32.88136172 -13.75330958 -33.70974357
  -1.03165355  15.56993788  -4.99475968]


[ 21.3203153   11.98808485 -15.09910323 -43.89479055  45.00077198
 -52.49818176  18.15783914 -36.79773276 -14.87788958 -28.36126451
  -4.75937609  21.55424242  -1.28471107]


[ 21.2632868   11.7228512  -14.85538816 -44.15690673  43.07781846
 -51.37781216  16.12364981 -41.13559386 -16.97869954 -32.66238942
  -6.6500388   16.71625588  -3.9939962 ]


[ 21.25662347  11.67582007 -13.94019584 -46.08389562  45.82451331
 -50.28459506  13.86629441 -35.26756615 -21.69276404 -29.68834766
  -4.99448363  14.26403591  -0.14124242]


[ 21.19058469   9.08310989 -11.83320932 -41.88794639  34.73145593
 -41.08412971   8.62200383 -32.41047044 -11.45495377 -33.62499748
   2.75139603  11.4838312   -2.25524736]


[ 21.08302133  11.88732397 -14.88944825 -43.39101486  45.65021316
 -52.7524632   18.74633839 -40.51160462 -19.82000231 -31.09081685
  -3.90152789  17.13252783   0.28672117]


[ 21.1125058    8.95040827 -12.2056613  -39.353284    41.13219141
 -43.32785357  11.31109149 -32.67341853 -17.43901117 -31.4252168
   3.54158314  15.20366142   3.1981576 ]


[ 21.23094115  10.78923111 -14.24089112 -40.32056954  46.55656949
 -49.79344821  19.44341795 -36.59755372 -19.19229844 -25.65096358
  -1.72212493  18.24130741   2.0093981 ]


[ 21.20072959   9.92220631 -15.85592229 -42.68639365  43.83523333
 -53.82536343  17.69090062 -41.26612487 -23.48224338 -29.32651209
  -6.10205256  14.13964372  -2.88513207]


[ 21.0948975    5.65996268 -11.41571735 -40.30737147  34.07411391
 -38.26872716   5.67801922 -30.61925137 -21.56715372 -32.41395514
   0.63915499   8.26079681   2.77940871]


[ 20.91172685   7.00845906  -8.70394068 -34.8257918   35.87068078
 -33.50903071  10.32455002 -25.99893159 -12.70020282 -30.36253925
   5.79898683  12.99765956   6.69775401]


[ 20.83081318   9.72512088 -14.02207698 -43.46606542  41.22286824
 -52.31154957  10.39809465 -34.55651758 -21.44070177 -33.96655632
  -1.86345728  11.90722306   0.62531783]


[ 20.8909251    8.52395987 -11.89978286 -43.12109476  35.8466678
 -47.40183312   4.23228609 -29.22873886 -18.45681401 -34.12119779
   5.94881696  10.28718927  -0.76310037]


[ 20.96902357  11.29166525 -11.86540648 -44.22136453  43.21868107
 -49.22896134  13.42872561 -32.21784461 -19.86339283 -27.71617543
   3.01360854  15.04479592   1.06783292]


[ 20.90435905  11.45788475 -13.24107218 -46.15477064  42.58439304
 -53.71650006  15.36015611 -40.55474327 -23.98758565 -29.49090286
  -5.44373458  14.24849404  -4.80585895]


[ 20.76657208  14.28333809 -14.642424   -49.21993825  45.9014256
 -62.99714851  24.96958548 -41.37326109 -20.94868771 -17.00122932
 -14.79338775  22.70885884  -9.87947222]


[ 20.61281681   8.15419699 -11.58726657 -42.80780908  33.25472746
 -47.76650842  10.67727993 -37.65079349 -22.83862063 -29.01534897
  -3.01305839  14.72195668  -5.70393476]


[ 20.59887938  11.00358764 -11.18987488 -39.21068073  40.66516829
 -51.36641081  20.54032284 -39.1856025  -18.93098623 -22.17365859
  -8.11217082  23.97715807  -5.34899282]


[ 20.67522147  11.65838347  -9.30797288 -38.65115085  44.01602582
 -44.18121988  16.3486015  -34.22706438 -16.86881812 -23.59088149
  -4.45131475  20.44698145  -0.43021403]


[ 20.60442996  13.2351735  -11.85433069 -42.5548831   44.26456337
 -53.02586684  16.23789002 -39.87804212 -18.9509427  -25.59147176
  -8.88747021  15.92196649  -5.41606541]


[ 20.47851034  10.10587753 -10.77662303 -43.56978812  35.715407
 -46.24169153   4.81543502 -34.47138323 -17.04064304 -28.12904783
  -3.45440026  10.0335322   -4.3035606 ]


[ 20.35384356  11.21213839 -12.07970731 -43.34815893  40.69399782
 -54.17846493   9.49257529 -37.30043076 -23.329931   -26.39115955
  -6.01699469  14.39268498  -4.39903657]


[ 20.39948182   9.59055347  -9.915013   -41.94626286  39.67388047
 -48.67362445   4.7339554  -32.19521038 -24.92138265 -25.02691842
  -4.23892829  15.13035957   0.65419339]


[ 20.53079911  11.07597586  -7.20040943 -35.52054234  45.66540679
 -43.09810207  12.46053849 -33.20641494 -15.22052281 -24.76517803
  -3.15052626  21.98548179   0.43938275]


[ 20.46234999   9.59884742 -10.54281699 -38.88289755  39.44199196
 -51.13371187   7.8299596  -43.35029827 -15.41211008 -31.70164535
  -8.29521301  21.03407054  -5.88117774]


[ 20.29269856   6.37341322  -6.82458624 -38.91140624  31.29452338
 -39.9039785   -5.02532435 -29.63393499 -14.91896358 -30.86552954
  -1.62992451  14.9870918    2.80022631]


[ 20.14489991  10.43369443  -8.26400964 -37.67051     40.29261752
 -47.10262755   4.89246427 -36.6739124  -15.41521076 -32.29610988
  -3.36876189  21.49088212   1.53671987]


[ 20.10791135  11.85341928  -7.41425266 -37.93709921  44.20124727
 -47.58025779   5.63257275 -35.9469712  -17.39633607 -26.7715346
  -4.00897358  22.54010981   3.62024509]


[ 20.11391908  15.0906866   -9.82989637 -43.68412023  47.2409457
 -56.10229991   9.50268828 -41.65713573 -16.57948217 -26.52987749
 -10.64813774  25.00245094  -1.16859652]


[ 19.96972822  12.08491127  -4.09460551 -36.81666677  41.3494649
 -37.03507705   2.08678494 -31.74706607 -15.65697299 -31.78393099
  -0.44954465  18.19713748   5.39425359]


[ 19.78190548  14.76859412  -7.89421448 -38.77647383  46.33374716
 -48.73640534  11.16119863 -39.74796    -14.3850797  -29.28031441
  -4.17446512  25.71686197   5.07407109]


[ 19.77078171  12.93358042  -8.15442656 -38.87357213  43.63077593
 -51.6103172    7.83561216 -37.98727451 -21.75843877 -27.91040475
  -7.28964542  21.75630094   1.46722768]


[ 19.81706848  11.95818437  -8.83057502 -37.63156501  39.27079996
 -53.3078536    9.20961734 -37.92680848 -20.15911139 -28.01930166
  -5.67592395  22.91264228  -1.10482029]


[ 19.80844025  14.99403927  -7.60896603 -37.32373788  47.28029769
 -55.00993976  17.19178656 -34.58510512 -25.131403   -20.35567221
 -10.93640884  24.0990854   -0.835758  ]


[ 19.65554515  12.81023746  -6.58669705 -33.76775376  41.66736151
 -45.90683871  11.38060357 -32.32255389 -17.58992239 -30.86211996
  -0.35897648  20.8876122    2.16845367]


[ 19.57602655  14.97599722  -8.20280232 -37.86846128  44.43656691
 -53.5326011    9.54435004 -36.59680717 -21.69407416 -32.93846351
  -3.41428198  18.73906997  -1.28383279]


[ 19.53614343  14.34716087  -6.12395457 -36.48721219  40.21202766
 -45.94448515   2.71812786 -32.47587118 -18.75294717 -32.76049825
   4.8940884   16.78721407   1.22018116]


[ 19.47766446  17.51523703  -9.65126039 -38.88263873  42.96909535
 -53.75632817   8.26563371 -43.11899326 -21.30046294 -33.16160851
  -0.5190234   13.3497503   -4.55334397]


[ 19.30891225  16.37609404  -8.37377404 -39.11537462  38.52275709
 -48.41509906   3.40925384 -35.64735148 -17.38202987 -29.37619267
   0.38935051  11.36466559   1.30988322]


[ 19.16849112  15.12303254  -7.09791499 -36.98613988  38.41233936
 -43.06247008  -2.71789142 -37.8212218  -17.65425777 -33.9780208
  -2.20705461  12.84329683   2.67084136]


[ 19.08855116  15.69469987  -2.71506227 -35.50482836  39.04086332
 -33.68678673  -4.46191018 -31.61089449 -16.03375285 -30.25414353
   0.63303438  14.37048564   7.53993856]


[ 19.07240259  18.18498663  -3.88981094 -39.4188144   38.11274383
 -36.97459307  -2.30883315 -38.53734553 -12.74468708 -31.69248487
  -5.33817241  16.77757968   1.58444612]


[ 18.9254108   14.31184799  -3.38697847 -34.03919225  28.0003315
 -30.94612572  -4.48866101 -41.52809313 -11.12693815 -28.62870681
  -6.57336218  16.93100186   3.43648681]


[ 18.72164769  16.18058539  -2.29921695 -36.44178731  32.95156737
 -35.57988141  -0.50666516 -42.90647963 -15.45076155 -22.14450003
 -18.28555481  24.40260408   4.83037562]


[ 18.68177347  17.73346064  -1.00434835 -34.94564506  33.70575561
 -39.33298711   3.22949797 -43.92419613 -15.21958564 -17.29797649
 -20.73788318  27.6560712    1.64754354]


[ 18.68641608  16.01810752   2.7455781  -29.74281341  31.57605209
 -29.96012527   2.8434566  -40.18361094 -16.41421826 -18.41285079
 -10.65221957  20.43264478   3.6467749 ]


[ 18.60132491  16.45271914   2.00693716 -32.71063188  28.90970156
 -34.75231339   3.14939826 -42.29654709 -17.18139325 -20.82352751
  -8.9916627   21.99941086   0.69179756]


[ 18.41839277  17.98668016   0.45302693 -33.38721267  35.64143353
 -39.75762738   7.61887556 -44.1890828  -15.58890498 -19.79785009
 -17.39322263  30.24210109   2.16324597]


[ 18.36993418  13.97684534   0.2231187  -31.5861212   26.69594297
 -35.12074611  -4.21412712 -41.44393697 -16.57704406 -28.09600976
 -11.00421158  20.26815081   4.83717069]


[ 18.37080715  14.23848539   1.50994942 -25.76206378  31.44006671
 -31.69400723   1.57465814 -37.1291582  -15.64844655 -24.02623086
  -6.71810942  19.21822599   7.34876747]


[ 18.26615897  15.08317693   1.13973667 -29.97597296  31.09033081
 -34.98800225   0.79647008 -37.11983875 -16.71782973 -22.26068695
  -7.2536355   19.84063213   4.56438685]


[ 18.04566028  17.47525372  -1.25060742 -31.7901762   37.20553377
 -44.78071859  10.01565993 -41.79092839 -18.78190894 -16.98546292
 -17.06618672  26.85914734   0.33775624]


[ 17.92091213  15.13363316  -0.19429825 -30.27875725  26.51157475
 -39.80480469   1.6880069  -43.18659453 -20.49719665 -22.94063227
 -10.25516116  16.05565185   1.74445925]


[ 17.84288386  15.8951101    3.52900247 -26.65352145  26.03982319
 -31.39761055   1.78142889 -38.66609836 -14.57802943 -26.04880064
  -3.79413861  16.56085005   3.7264744 ]


[ 17.67830059  19.48368763   2.96327255 -31.45805147  28.71133997
 -40.54772227  10.05627252 -41.29709385 -19.31682118 -19.36683421
  -6.41706506  16.37746956   4.81274095]


[ 17.39060578  20.30887041   2.50812156 -30.51765438  31.55014239
 -43.94255477  14.05454119 -40.63618757 -20.92362072 -20.19682827
  -7.88035937  15.29969604   4.76599489]


[ 17.22312476  16.80924966   3.55314232 -28.20533806  21.95568918
 -42.7069211    7.73484262 -39.81495567 -24.5373844  -23.08552305
  -4.58938639   9.45489075  -0.15260563]


[ 17.13145253  18.55845766   4.28396727 -26.09733804  30.09501967
 -44.10609216  12.08992249 -33.87350141 -23.4275028  -19.91583173
  -2.75950595  11.16493143   1.33559175]


[ 1.69849727e+01  1.91179987e+01  1.95522932e+00 -2.87554548e+01
  3.13626092e+01 -4.84260278e+01  1.07355871e+01 -3.29096011e+01
 -2.18613534e+01 -2.19631250e+01  3.07912408e-02  1.17811846e+01
 -1.97954790e+00]


[ 16.72970475  20.6300793    1.16139288 -28.84276172  37.52849745
 -53.68713006  15.21293898 -31.30565281 -25.37284765 -22.41638629
  -4.1096256   14.83850029  -3.63086948]


[ 16.54147077  17.44124134   2.56613109 -26.26164022  24.89709344
 -45.96472958   5.26350905 -33.7896479  -23.03470746 -28.9888341
  -1.86649023   9.68854608  -3.25469378]


[ 16.42699555  17.65920368   6.04310946 -20.8807912   27.65531229
 -39.36917596   2.84436665 -29.163086   -17.77750027 -29.57594583
  -0.70457395  14.38056041   0.19808347]


[ 16.19456917  19.17949546   5.60143348 -22.91255097  29.36912434
 -43.54780213   3.81055838 -33.30845789 -20.58658529 -23.00511384
  -5.49076193  19.75103239   1.77160472]


[ 15.90142768  17.82170469   7.26372497 -18.16556269  24.60743355
 -41.22379976  -1.94015666 -33.3201934  -22.13723157 -27.19696741
  -4.73118772  16.24823441   2.2335728 ]


[ 15.40879987  20.96512965   9.36649659 -15.11283135  27.00320788
 -45.30059923   0.75133898 -31.21940381 -15.56106628 -16.7487604
  -9.34547476  14.34678767   0.56793411]


[ 14.67157411  18.42446612   9.85351727 -10.06199514  33.69437729
 -45.0661258    5.61879151 -31.47564489 -21.51944625 -20.4101537
 -24.49419522  11.23235417  -3.02233388]


[ 13.67206277  16.8735871    7.98521714 -10.01663986  35.29196047
 -43.82766981  10.34977213 -31.65527146 -19.17976207 -11.80012468
 -21.41484273  14.92006549  -9.0028122 ]


[ 12.46673724  13.48715474   7.24116305  -0.82847544  48.72930241
 -34.21686612  11.5660577  -32.98060315 -20.82639461 -14.35316402
 -24.13319683  18.11947998   0.31716714]


[ 11.02181609  10.54347198   1.71653034  -8.13849014  41.8328545
 -33.88720028  18.1462675  -25.27949126 -11.42320748  -4.3278343
 -18.06139024  18.2482874    1.57403098]


[ 10.26596209   8.31003969   5.25125187  -7.12547344  33.90648748
 -24.29356303  17.5272497  -24.97749475 -15.89797052 -11.2384494
 -14.18617959  11.6717778   -1.41609444]


[  9.3093079    2.02413417   2.51248849 -13.64795109  21.36337887
 -30.82184825   4.81780062 -31.00122421 -26.6502886  -15.54237572
 -19.18615986   7.51373483   0.30108704]


[  8.8776641    3.58206122   7.37632472  -9.96935024  19.42374412
 -29.79599617   7.62972705 -24.41437498 -17.81971247  -6.63705444
  -6.88025228  10.03650168   5.41746596]


[  8.52094493   1.24450709   8.8871204   -7.09763742  16.60262784
 -30.27748608   9.45338986 -21.17213651 -12.29224778  -1.34416964
  -6.71748245  12.1848836   -0.14789203]


[  8.20749729  -1.60500226   9.19499233  -4.74736613  18.63183444
 -29.94771679   9.73063053 -18.26937144 -12.36484155  -4.54183255
 -11.87899053   4.82544866  -0.64905174]


[  7.87557725  -8.35051269   7.00308107  -4.90781671  15.10667406
 -29.54961934  10.7040825  -17.28413244  -9.97259079  -0.69591898
 -11.66665494   4.5034073   -2.42906182]


[  7.56167801 -29.75989891 -11.87067323 -18.06343778   7.01426041
 -28.85902283  13.85483565  -9.38207807  -3.46963022   2.49951378
 -12.03615032   2.34742199   3.2691188 ]


[  7.56013096 -33.52542609 -11.92745739 -18.98214739   6.69885649
 -27.99707983  14.24289432  -5.09286669   2.58742841   6.05345626
  -8.32955913   3.89545456   2.36504614]


[  7.46096917 -38.56159353 -13.79171041 -17.67904498  10.30812867
 -26.31849608  12.2084369   -9.54719886  -6.33096416  -6.06664176
 -13.08257837  -0.44552899  -2.49721774]


[  7.31010721 -42.21406181 -15.07735347 -16.35221737  11.08355453
 -21.79421683  11.28435678 -14.95492888  -9.64998888  -3.29607082
  -9.5381047   -0.51760309  -6.02957361]


[  7.33222122 -40.88206732 -11.45668929 -13.01016105  13.60089247
 -18.02427796  17.69902873  -5.54276195   3.97901581   5.63287442
  -4.7237686    7.41771996  -5.24854839]


[  7.3319672  -42.73835363 -14.6584198  -15.14058929  11.68373852
 -22.07243032  13.88333953 -11.26375216   1.0506766   -0.5781592
  -8.6448956    8.53355525  -2.65676343]


[  7.26710821 -42.63165594 -15.5686554  -17.06000974  11.76717113
 -19.49988244  14.15431724 -10.37136405  -1.01456842  -2.40510977
  -7.28265149   4.4901033   -4.35695513]


[  7.31685271 -42.2844834  -13.64018498 -15.69148267  13.87586415
 -16.29445979  16.59758658  -8.83548736  -2.73427561  -2.67944199
  -8.4603318    2.94680166  -3.40158709]


[  7.43646804 -42.68757885 -13.07338462 -17.13408461  14.68483116
 -13.12018349  22.65033514  -4.84610202  -1.72118909  -0.73626802
  -8.71645254   1.03815658  -2.76372899]


[  7.44654722 -39.49441813  -8.48374332 -13.33522672  13.9006476
 -16.67265128  21.60649388  -7.60416814  -2.76966875   1.05528568
 -11.33387619  -1.27684314  -1.60699619]


[  7.28859729 -41.39957456 -10.29388963 -15.53373081  10.51541828
 -19.13529716  17.38663675  -5.87758348   0.22545836   4.06338745
  -7.22565131   3.50260325   3.14397812]


[  7.20158322 -41.2179852  -10.09764579 -14.74749455   8.46513611
 -20.03439555  14.53796368  -7.30045292   1.05921636   1.32060753
  -8.39581515   4.64729737   3.88957536]


[  7.30147553 -45.62792984 -15.24820891 -23.50141062  -0.52650998
 -25.17256215  10.83733907 -12.76071839  -5.91744413  -6.03673381
  -6.67081615   7.19452774   1.64874892]


[  7.36334257 -43.42461895 -13.89595771 -19.02706359  10.0812044
 -15.67473002  15.71836584 -13.48971623   0.25872076   2.1016217
  -5.35791772   5.46522506   0.16939172]


[  7.24816286 -40.33249714 -10.1029876  -13.55042896  14.59481558
 -12.37511387  13.57114924 -14.1968582   -0.19341425   3.52387414
  -3.35202036   7.35943452  -0.51524169]


[  7.2516349  -37.99024019  -5.74208055  -7.70643911  18.57212136
 -13.18312642  11.70946064 -15.60679387   0.23971999   2.26582634
  -5.85794479   6.22410073  -1.73801765]


[ 7.30790347e+00 -3.93538483e+01 -9.20806283e+00 -1.44600955e+01
  1.46935464e+01 -1.51094790e+01  1.66147030e+01 -1.05856239e+01
  6.77402866e-01  2.03412520e-02 -8.14353470e+00  1.37722330e+00
 -2.33090593e+00]


[  7.30852656 -45.57005539 -17.38748803 -25.75536238   4.02298385
 -23.71682754   8.99416704 -14.51623642  -1.40093921  -3.7791541
 -10.50019213  -3.54402021 -10.75906197]


[  7.36687192 -41.78663395 -12.07920142 -18.16438879  12.74924599
 -15.91095737  17.51276602  -6.52945679   4.21854857   2.31488898
  -4.33458207   4.91230766  -7.31777295]


[  7.28659474 -38.86910769  -7.53055821 -12.99667645  13.58310444
 -14.93590417  16.03315049 -10.2332517   -0.77895765   1.31237972
  -6.06132989   4.14217666  -8.81756417]


[  7.20315207 -42.78628221 -11.7954065  -15.39204207   9.91266181
 -18.31057101  12.47810791 -13.4455697   -3.12186362   4.33538712
  -7.4888328   -3.35118301  -8.43521812]


[  7.21353197 -38.57643569  -6.74012502 -12.09554256  12.29591994
 -14.29943834  15.94385604 -11.63878426  -1.2630472    4.38918711
  -8.39505305  -0.12915804  -5.2569367 ]


[  7.23695718 -39.92100473  -9.36261044 -14.61755775  13.18413554
 -11.92297954  20.34200034  -6.26474981   3.84370319   4.99690679
 -11.04032566   1.01935045  -3.74052879]


[  7.31657651 -38.93303647  -9.28504376 -15.81919949  11.39855029
 -15.87079799  18.5398149   -8.39353137   4.73599709   4.16666779
 -10.34701097  -0.86474426  -7.84332528]


[  7.33327964 -43.32591271 -13.52448262 -17.39910757  10.9593011
 -16.90978876  17.45748271  -7.69050827   5.42543073   4.01135315
  -5.44725445  -1.29955299 -13.53219123]


[  7.36025747 -46.93251678 -16.61867025 -20.28765221   6.09037945
 -22.59140372  12.66690893 -15.85146341  -6.77727372  -2.1766501
  -8.14778348  -1.71211493  -7.53635903]


[  7.32302482 -39.36394397  -7.20859811 -11.48004687  11.93394055
 -14.8959445   19.06445294 -11.65428603  -1.85333836   1.69136626
  -2.74250052   2.23942984  -5.74729343]


[  7.35331525 -42.4273488  -11.49560957 -17.02980192   7.8408305
 -16.32646302  17.04663446 -11.33673191  -1.2092071    2.97713057
  -1.96496978   1.78496191  -5.93176786]


[  7.36427131 -41.89435414 -10.70558611 -16.43878188  10.53002154
 -13.90985489  17.13914117  -9.56968072   0.52949802   4.34541388
  -0.47972709   5.97775673  -4.96199287]


[  7.41676754 -39.84641952  -9.52507922 -14.40076202  12.71602904
 -16.29496018  19.68363406  -7.49849456   1.14578834   2.2259939
  -3.4073063    5.96542685  -3.49101828]


[  7.56411767 -38.16888997  -6.63871947 -12.72943175  13.98306858
 -18.32432772  17.2330379   -9.51694617   1.90379426   4.84519227
  -3.40364794   6.58552131  -4.62992796]


[  7.46190735 -44.9315567  -13.72258257 -17.02177438   9.47043617
 -20.48581643  17.53039521  -4.13054922   5.1349184   10.25362543
  -2.81787927   5.1793223   -6.13907765]


[  7.21415148 -44.58063455 -12.53390513 -13.46750984  10.15023967
 -17.40194493  16.71162175  -7.22949238   2.43077705   5.57828582
  -2.02057626   9.23301724  -2.83298912]


[  7.16173507 -43.26309452 -11.5603595  -14.53775706   8.24325965
 -19.57664287  13.54570358 -11.28887235  -3.60381482  -4.03255194
  -5.12278341   8.92979951  -5.32401698]


[  7.24525345 -41.98868692 -11.41529217 -17.47103392  10.39534592
 -17.74451985  12.81115602  -9.65091924   5.34935868   4.0140093
  -4.8589552    6.8459293   -4.38599861]


[  7.3438291  -39.67454507  -9.1589545  -15.37477959  14.28598635
 -14.96524805  16.56236346  -5.2824004    8.48638561   4.1860428
  -8.3494734    2.56793399  -4.39304987]


[  7.2180042  -41.02653436 -11.31912379 -15.2504431   14.53333392
 -17.89090401   8.94064576 -10.62112954   1.21420953   1.64394196
  -7.84641715  -1.52686089  -7.84769138]


[  7.30155808 -42.52446478 -12.95698035 -15.0484041   16.55182388
 -16.11347787  13.09698661 -11.4970518   -0.70792507   5.61208417
  -6.97215352   1.35072908  -1.1157446 ]


[  7.32369864 -42.68747397 -13.11395849 -18.89479851  12.05714318
 -16.1168992   13.10173952 -13.87108392   1.55964932   4.89485099
  -7.93049815   1.75796709  -2.0800103 ]


[  7.34996488 -43.15423213 -12.54512531 -17.81590164  11.36995037
 -16.23729774  13.15650717 -13.13726713   1.93280905   2.56288997
  -8.67227007   2.28932123  -5.83098457]


[  7.33173156 -41.63178406  -9.0830748  -14.57508957  13.06828989
 -15.02015368  13.39065093 -12.3328661    1.93863144   4.53441957
  -7.36898983   4.05124097  -5.71121652]


[  7.30132581 -40.77302546  -7.78012527 -15.25183771  10.69767033
 -19.9644204   12.4776265   -8.78766676   0.67662061   6.17359865
  -4.73427298   4.43455536  -5.19487122]


[  7.28131125 -38.31076529  -5.90205058 -13.32190692  11.2837138
 -18.89541833  15.56650018  -6.99373787  -1.85582947   0.75921748
  -7.01684591   7.26413934  -0.28899382]


[  7.27829372 -41.54110386  -9.96873092 -16.26640701   9.59282621
 -16.33758087  15.93339702  -9.51808953  -1.01017386   2.67228879
  -6.95054975   8.13980543  -1.2807637 ]


[  7.26397435 -39.43269385  -6.47258237 -12.46438467  10.42423694
 -13.84464997  18.57073614  -8.99612048   2.9173123    2.26028357
  -8.96163562   4.0723433   -4.41817877]


[  7.26183986 -46.4852352  -15.70664812 -21.45240972   1.56519302
 -22.11218699  11.66358852 -14.04243315   3.21050598   3.96114607
 -11.15400889   2.1947929   -4.53038516]


[  7.27535828 -41.68645957  -9.86364999 -16.53582929   7.18788972
 -19.7080078   13.50896396 -12.92508285   3.20887151   5.94895477
 -10.04731792   1.53714363  -7.30849054]


[  7.26510944 -42.93852223 -11.94173011 -18.99583143   7.85200758
 -16.92469666  18.55804617  -8.3651896    3.60319858   4.38909373
  -9.55464295  -0.23358848  -9.61078506]


[  7.28429349 -41.74194872 -10.99971356 -19.24010674   8.35009461
 -14.69509321  19.92411209  -8.55527073   2.10654142   1.2615182
  -8.09192567   1.75775849  -7.88010249]


[  7.26199739 -45.84270169 -17.3867513  -24.60412696   1.99389288
 -21.04760893  14.77891086 -17.32716802  -2.98781606  -0.63235132
  -8.21226649   0.50392288  -7.98868183]


[  7.27399096 -41.82148004 -10.00414716 -14.91032857   8.81915328
 -14.98091062  20.16256134 -11.98451322  -0.07829582   3.05326048
  -5.4287821    4.82450203  -5.33289142]


[  7.29279534 -39.82054596  -6.98013317 -12.94978705   9.63963778
 -14.86660467  20.27905193 -10.24059322  -2.12795023   0.21269536
  -8.32727739   4.10308186  -1.0248859 ]


[  7.21097011 -39.75140567  -6.1475188  -13.18602443   8.02140619
 -15.02139977  19.50073337  -3.98743022   1.75407413   1.83021082
 -10.05282352   0.53548299  -4.0260928 ]


[  7.19475756 -43.58314754 -10.76969577 -18.31488316   6.94623177
 -12.76918484  17.32509175 -10.13383096  -0.23540621   2.41617742
  -5.6519817    3.42295771  -3.5686893 ]


[  7.16104296 -38.99499546  -5.90323493 -12.55344264   9.1250995
 -14.70843144  20.20037889  -7.24390981   1.62459772   3.78542447
  -8.63903383  -0.22575821  -3.88630573]


[  7.0850632  -44.40217141 -12.77043111 -16.2783166    8.32837057
 -15.73187159  16.80221777  -8.57197254   2.57882031   3.39808286
  -8.08906052  -0.83663275  -5.01684862]


[  6.66991996 -49.20452494 -22.01540412 -20.39481078   1.15088269
 -25.91941503   1.8347428  -14.81433637  -1.38375946  -3.22380112
 -11.82883714  -5.21517684  -7.03652665]


[  5.55679383 -47.23460577 -22.22464681 -11.82308393   2.08462696
 -19.31114409  -5.12400331 -15.4220823   -5.10294941  -3.50468047
  -8.68108906  -3.6154919   -7.79736811]


[  4.09749799 -47.36609805 -27.99742832 -13.49724588   3.79251608
 -17.00270147 -10.2538403   -8.93113219   1.64542393   6.44011237
   1.53523992   1.67465935  -7.04414549]
