

[  9.69910093 -14.55857782 -13.30266235  -8.34903508  28.45337571
 -29.28760879  27.68401796   1.25433079   2.63708076  15.11698943
  -6.88509658  28.02785975  -1.54313665]


[ 10.33463141 -13.08745657 -15.46075519 -12.53316806  31.15725424
 -37.71114321  27.8859488  -10.73300978  -3.97515397  14.21562428
  -7.4013047   26.95023912   6.60810874]


[ 10.32038045 -11.69769475 -13.45553758 -10.14607679  34.73646498
 -40.54603124  29.3166985  -15.17129434  -9.83205027  14.98660861
 -11.54374111  19.91503763   2.69450621]


[ 13.01999511  10.3043381    2.08710566 -21.7400517    5.9078502
 -21.91700577   9.97626578 -16.64379197   3.63105758  -7.23791083
   2.6851738    6.60519744  -7.88951878]


[ 18.22214405  -6.65591534 -12.35091005 -30.40881887  31.50787217
 -65.14076874  27.15256569 -26.77480253 -35.42818855  -9.78963414
 -16.98203085  20.57375441 -17.36279716]


[ 18.91566416  -4.40485682 -10.82812538 -29.84902012  35.98948405
 -68.00738396  29.99538002 -26.56344802 -39.86333662 -12.83336902
 -15.41200817  21.2217603  -18.42436194]


[ 19.1192585   -6.97709134  -7.44691799 -29.23990636  28.87843261
 -58.61978643  16.46179555 -18.71215629 -43.71820519 -25.15941031
  -1.37550575  10.22176107 -12.73716961]


[ 19.08558537  -4.12410409  -5.77196434 -29.26555978  30.81883621
 -62.50089839  19.31851799 -17.48037489 -43.00964972 -18.27424955
  -2.68490866  14.69208421  -8.09749678]


[ 19.27291619   1.42297091  -4.60337883 -20.10048753  41.20499613
 -67.75136072  38.71529232 -20.30939249 -29.86648329  -1.66887911
  -7.45118048  23.3868966   -5.27822507]


[ 19.3173392   -4.09151647  -1.34180765 -16.20374766  32.90951585
 -51.52082995  21.04375374 -11.97744626 -28.11009794  -5.96077331
  -2.80773651  16.55942208   1.83029038]


[ 19.60251752  -0.64778845  -3.40680813 -17.18441348  44.63565105
 -58.32243211  27.61694322 -19.52442562 -31.02366273   4.5768355
  -6.36162941  18.74362612  -2.87325813]


[ 19.861151     1.57244067  -4.77637694 -19.49945577  51.90830628
 -63.86724195  31.28715317 -26.23365162 -34.56533886   6.85645773
  -5.7088649   20.99407289  -8.60480044]


[ 20.1181473    1.958915    -4.60318835 -19.01000484  49.52641598
 -62.63983168  32.28837699 -24.46433649 -31.64473148   2.31193622
  -5.93150996  18.00208709 -12.18940804]


[ 20.22783471   5.10309848  -7.35008575 -23.81244477  51.30137046
 -71.45075858  42.16140353 -25.29710546 -31.22405194   1.26543916
 -21.8227748   21.86310572 -17.17389928]


[ 20.25203119   6.97563169  -6.03776787 -21.4786795   50.03625323
 -64.66539852  44.98057782 -22.92534155 -29.16186181  -2.97851747
 -28.47862764  20.10567137 -19.75912867]


[ 20.31262894   7.02791328  -6.40342388 -22.14640898  47.06865334
 -66.09676014  44.66209016 -25.6389576  -27.12169291  -6.6991695
 -31.95878189  19.33496348 -25.47600348]


[ 20.17431498   7.1258976   -2.35430682 -20.17529896  39.79146129
 -56.87469796  36.6130522  -17.22118184 -21.8628806   -8.66524968
 -24.91088445  14.59853173 -20.86632559]


[ 20.12716197   8.11951047  -1.2060027  -21.62126487  41.49317154
 -56.74858111  33.64880419 -16.34022034 -18.37754711  -7.64132124
 -21.16348251  17.38988108 -21.37967198]


[ 20.10679057   9.09942989  -1.26720579 -19.25375113  40.00215369
 -58.66031044  37.55825634 -16.32265996 -13.96075737 -12.25719203
 -24.79648195  18.31836945 -22.31635893]


[ 19.99826316   9.92742863   0.81975818 -21.34519527  39.6666628
 -56.79857387  30.76735497  -8.61994085 -14.28637279 -12.3043454
 -22.90888962  14.86936431 -17.32611356]


[ 20.05058724   5.51295864   2.79137378 -14.55523951  30.59430645
 -44.55597131  18.77845427  -7.46825317 -16.28473493 -17.92735489
 -13.71155476   9.99293287 -11.41066743]


[ 19.88099937   8.92509622   2.91393149 -13.38333556  34.98607566
 -52.2435452   23.74422999 -11.47958879 -14.18962026 -19.16851919
 -15.35623051  16.26435763 -15.42696643]


[ 19.86238657   8.33957087   3.46463406 -11.77579809  31.6391595
 -54.21336518  21.69212063 -13.12713125 -17.23805527 -17.04275893
 -16.99153311  16.67679629 -10.45126881]


[ 19.64495215   8.61952583   5.44662311 -10.2479723   26.41391633
 -50.91058968  20.41576291 -11.82089495 -16.2064989  -20.54942506
 -18.21175216  15.09338525  -6.88052228]


[ 19.4372147    9.95132251   6.12674112  -9.16275389  22.71610319
 -45.92922341  22.85470478 -10.89878373 -16.36071946 -19.697598
 -21.01160392  11.2602409   -7.36172065]


[ 19.28366073  14.39930797   5.25081101 -13.69287994  26.68891559
 -53.09392456  28.75529395 -16.47911684 -17.46727297 -12.87575988
 -26.80546634  20.44277121  -7.00515294]


[ 19.31274581  14.32303309   4.56862831 -11.40155484  24.5757698
 -56.7432403   29.29323609 -17.48037341 -19.1732271  -10.97716607
 -24.12532568  18.99898146  -6.52424548]


[ 19.2674345   16.12748597   4.51354345 -10.50734129  29.58468867
 -61.26940656  33.84494509 -22.50715259 -14.02014654 -13.34510798
 -25.45384022  26.21962882  -9.15339725]


[ 19.25393     13.55564708   4.59689921  -8.15818213  23.95844157
 -54.31571303  26.13288808 -19.43807767 -12.65167618 -17.61325514
 -16.75429688  22.38657184  -6.45245362]


[ 19.19660438  14.3417221    4.42369984 -12.69368238  26.69725664
 -53.75969232  25.58392826 -18.73262069  -9.43832521 -18.23284987
 -23.57947553  26.63419248 -10.33688958]


[ 19.24182935  13.70744558   3.75769468 -10.40100025  25.37867737
 -52.46303539  27.16175479 -17.09752098 -10.0232528  -18.50434205
 -21.2741161   22.90266228 -11.19052986]


[ 19.20576014  14.87993574   1.51109409 -13.16461172  29.51858671
 -56.16846902  28.45847779 -15.36446778 -14.175699   -17.26788775
 -24.9628844   20.20463003  -9.44718462]


[ 19.20623459  15.23634039   1.83959366 -12.39004331  30.01173624
 -53.78429937  29.71662303 -16.4215372  -13.82193875 -15.33628724
 -25.78537689  25.64088709 -10.50698509]


[ 19.25378951  15.08986258   1.23973213 -14.22906056  28.56029389
 -55.06578297  30.79227975 -17.86724481 -15.73538948 -19.11647644
 -31.44547001  27.50382044 -10.85340394]


[ 19.28578043  16.49609673  -0.5021704  -15.99888703  34.4194891
 -58.32976269  37.4439588  -19.49313688 -13.6944207  -12.78720846
 -39.39749972  33.07426463 -14.82144434]


[ 19.22574839  13.17380955   1.72457413 -17.60935686  27.55088717
 -41.98319024  23.40241524 -21.13154922  -6.30213373 -20.0441962
 -30.51762474  26.49983421  -5.99258063]


[ 19.2889806   13.94576297   1.40422473 -19.60968134  30.44513954
 -44.40366681  25.60849936 -23.07812589  -6.75478703 -15.05501097
 -32.8032719   28.52153873  -7.59161273]


[ 19.39148907  13.23029647   1.47536695 -17.49927549  32.53750461
 -45.4689642   21.03717272 -23.85175258 -12.06542553 -13.96949758
 -28.13110032  26.75172334  -7.16184943]


[ 19.48845325  12.0024067    2.00191493 -16.83570622  31.85554784
 -42.25963687  15.76137064 -21.86732154 -10.72413117 -15.00773916
 -25.91668802  21.5866717   -2.63438333]


[ 19.52485436  12.30353606   0.0968606  -15.90427724  34.56397457
 -49.86308767  24.21548437 -24.37455229 -12.84363422  -5.97243449
 -32.75031146  23.25238833  -3.70550587]


[ 19.55783056  11.99398811  -0.38935218 -16.60325099  35.75029561
 -50.44207253  23.46823549 -26.037336   -10.53532097  -3.43829079
 -33.4035868   23.84285799  -1.28625639]


[ 19.64484787  10.98329964   0.95928746 -14.09365784  35.30081683
 -45.43176497  21.42802739 -20.96676846 -10.62904309  -4.79129121
 -28.91880909  15.75846757   3.45931309]


[ 19.80532953  11.50965617  -0.78237867 -18.11600668  33.736436
 -44.25991614  21.68880802 -24.83720783  -5.90361058  -8.38248825
 -26.83441991  11.91563464   4.14718193]


[ 19.9485434   10.69312587  -1.3075932  -15.66866203  35.85641437
 -41.43400334  19.11581132 -27.70366686  -6.23690878 -11.9331097
 -22.69760396  11.74419767   4.05017768]


[ 20.10818846   9.6932466   -0.94443288 -17.39645264  37.40883251
 -42.32071482  15.91312118 -24.37339956  -6.91921456 -13.94427909
 -23.95597491   5.94755011   9.59117071]


[ 20.28376485   7.88841759  -0.68783199 -17.18386276  34.24758905
 -40.58211879  12.07526675 -27.02041837  -1.34832418 -16.42533642
 -23.66949825   7.35593668   8.11043227]


[ 20.35476485   7.73537672  -1.62206293 -19.03901265  38.19361567
 -41.48257651  11.62737889 -34.98241506   0.43657319 -19.13772252
 -27.06003093  15.8357067    6.81311567]


[ 20.50958423   8.3931757   -2.14626898 -19.55864815  41.17916497
 -43.18966006  18.28089121 -34.89455477   1.68488857 -16.8243297
 -31.57758309  13.76095133   1.94208896]


[ 20.64010419   5.29977964  -2.33671118 -20.62424012  39.39904359
 -39.01098658  11.93741693 -29.28542951  -1.31383598 -21.94845314
 -22.26328386   5.71414283   1.57885407]


[ 20.81416022   4.68911042  -2.79636418 -22.1963009   40.85465131
 -39.20790338  10.54032519 -28.02297078  -0.23279833 -22.65049488
 -19.4683471    5.87515962  -0.9697671 ]


[ 21.01041806   8.64411468  -5.9690686  -26.94226673  55.21859563
 -53.93151847  21.33545091 -31.54463497  -3.8042505  -14.84302543
 -29.31576027  17.88975009 -10.77460095]


[ 21.145388     8.05598014  -6.73878638 -28.95475865  55.85388575
 -54.41783362  18.77252067 -28.18268278  -7.48468528 -17.56295309
 -23.67034356  10.8677908   -8.48147044]


[ 21.30633713   6.52157083  -6.3420942  -31.28623867  54.37217929
 -51.35062407  12.6036624  -21.7505457   -7.4286218  -23.54906399
 -16.24892707   5.5600049   -9.74578812]


[ 21.42378621   8.29394804  -6.94354636 -32.29960082  58.44215644
 -54.16703209  19.53271638 -23.36904409  -4.08917456 -22.05339486
 -19.36785774  13.4782984  -19.08373258]


[ 21.71901684   0.66221303  -6.75883046 -28.9909626   41.18183176
 -38.32312634   6.17874034 -16.43699088  -3.61759483 -28.61709429
  -3.85472442  -2.8379737   -8.55854557]


[ 22.00704486   0.82958704  -8.40926262 -31.15749593  47.15500995
 -42.18135921   8.56861505 -17.05070924  -5.99220001 -28.58229022
  -3.77190365  -1.67531659 -11.20481724]


[ 22.32279992   2.77738125  -7.29871411 -32.34004202  57.3363461
 -41.80976591   8.32534161 -13.1847832   -0.94821522 -33.21757772
  -1.03677809   1.61256428 -14.02812451]


[ 22.44084122  -0.82514802  -9.38215319 -33.0430757   50.37852589
 -41.93819075   1.44298979 -18.02247135  -1.38018077 -32.44881172
  -2.13652843  -3.32584577 -12.96466191]


[ 22.44393054  -3.15610507  -7.75734204 -30.44145641  46.27564959
 -31.2550512   -1.7227083  -15.39627945   0.05539616 -30.29626666
  -1.0859368   -4.55485289  -6.64057758]


[ 22.37935334   0.09439961 -12.99074317 -36.13206633  50.2895978
 -42.26952422   2.85450712 -23.93234575   0.5064266  -34.48891576
  -6.1095546   -2.13323811  -7.12712648]


[ 22.24164814   3.70804272 -14.51282403 -39.74473104  55.75598359
 -48.83605239   6.81507501 -24.45722899   1.24493466 -33.60306481
  -9.31837154   8.15537406 -12.79848083]


[ 22.2487429    1.60687518 -15.52838457 -36.35840896  48.46499153
 -48.45140167   8.98028273 -25.59590094  -2.084947   -26.55064653
 -10.67732373  10.22256363  -6.1857668 ]


[ 22.41041297   2.24717702 -16.95014251 -39.00551677  48.70247075
 -59.47577174  16.30977192 -27.38306205  -5.02314103 -16.71100145
 -19.75721843  28.28505155 -16.68652959]


[ 22.57731835   1.02407999 -17.09464617 -39.08598801  45.57765641
 -62.71217069  18.8808957  -23.71807405  -5.90531936 -12.58394428
 -18.67609066  33.28093551 -17.57188915]


[ 22.55846138  -1.43378782 -17.67458102 -38.42814114  39.37188954
 -59.26867019  14.53128612 -22.42069152  -7.02372808 -14.37128836
 -13.7367208   26.46271862 -15.9958894 ]


[ 22.51224537  -0.30078626 -19.3083281  -38.43269001  42.48496885
 -65.1846839   21.51662685 -23.72127416  -9.39290528  -8.17186624
 -16.60142661  27.41880237 -17.56586421]


[ 22.48764349   0.24272477 -20.28117292 -38.03144783  44.0491804
 -69.96745688  27.27109652 -26.60562927 -11.77923319  -3.82108158
 -23.04004421  30.31529699 -24.38996623]


[ 22.50725913  -1.10319897 -16.25181461 -33.55772638  41.61717482
 -56.01778981  21.52935199 -16.43567222  -8.17712537  -6.79757961
  -8.3989244   20.77779543 -16.39697873]


[ 22.53639048  -7.60389008 -16.9201247  -31.59232036  26.57569876
 -45.73563107   8.4423047  -14.92954178 -10.61569154 -15.24562918
  -0.5883349    2.79869721  -6.47785411]


[ 22.49460113  -5.08203845 -16.70316391 -34.10523596  31.7816452
 -48.53516778  12.49794504 -13.40136021 -11.42613891 -11.81678114
  -3.87470196   5.54945896  -7.47728608]


[ 22.43143497  -2.47990998 -13.75444605 -32.5685126   36.02951042
 -48.82169251  17.19899884  -9.71384984  -9.50762034  -9.24956447
  -5.76345507   8.69074757  -8.35286221]


[ 22.38137086  -6.45921412 -16.04164912 -33.03116913  25.63318535
 -47.69007255  13.68864131 -15.47968663  -9.6652079  -12.76387521
  -5.49835116   1.94751994  -9.38785237]


[ 22.28415597  -7.81076417 -17.80978796 -36.22282996  21.10108984
 -49.43022476   8.24510476 -17.16350605 -15.93703537 -14.84361147
  -9.23215774  -6.19803515  -8.70031526]


[ 22.25490559  -3.92953438 -18.35975863 -37.14834857  31.10370636
 -54.60043804  18.55494452 -18.28965205 -15.71619716  -5.39328659
 -16.27835876   0.73986273  -8.41476907]


[ 22.22402392  -5.79513578 -19.08744572 -37.52057712  27.06643058
 -51.97230768  12.95332135 -20.48176359 -16.25421939  -9.59759161
 -14.6234244   -3.71236363  -7.71790819]


[ 22.18825889  -5.49109578 -16.02768359 -34.96221319  28.70029863
 -44.6668135   11.59404461 -15.27497872 -12.90101317  -7.9865814
  -9.29075068  -6.31712279  -1.19078052]


[ 22.17583628  -5.28174192 -16.42674051 -34.99447768  29.65427088
 -49.25515772  12.18115398 -16.63942083 -14.27876721  -4.60242636
 -11.1949443   -5.62280339  -0.19692569]


[ 22.22023187  -5.48745727 -14.9246028  -32.36150661  31.78666108
 -48.59997994  12.16521696 -12.55015724 -13.36234069  -4.932921
 -10.7525696   -5.69362989  -0.8911724 ]


[ 22.20076801  -4.81781253 -16.12350818 -32.38068416  34.17724353
 -52.57347279  13.51286011 -11.85704062 -13.75713996  -5.86708089
 -10.31432844  -5.20454875  -2.13126552]


[ 22.09818748  -8.57148381 -16.98686752 -32.82524237  23.54947748
 -47.81175979   4.8090893  -14.58725383 -13.00206663 -11.32618074
  -9.85512656  -9.37706903  -1.2796557 ]


[ 22.05467888  -4.02785181 -19.1530357  -34.18469712  32.52365996
 -57.35127566  17.86329769 -20.9549005  -11.75427252  -3.12503424
 -18.1555032   -2.45519749  -2.22400677]


[ 22.11418496  -4.89799624 -20.65731519 -34.07434236  31.70511555
 -58.87875059  19.76873215 -25.52157749 -15.21738326  -4.12963341
 -23.09345261  -0.58669794  -7.38191838]


[ 22.22643731  -7.67279732 -18.13565761 -30.74629831  25.9102015
 -46.73399849  14.83896842 -16.29282119 -11.60705243  -6.33087428
 -12.66448461  -0.82926601  -2.28686188]


[ 22.22997392  -4.2534995  -16.54706845 -25.57688902  36.18239331
 -48.52317893  28.5327623  -13.74043584  -6.38384861  -1.62583054
 -15.01731377   8.09008854  -2.65450633]


[ 22.29146019  -4.57092478 -22.1063779  -32.68439104  38.30154809
 -62.23132678  31.13714176 -19.42556437 -12.99327578   1.06228289
 -24.95076426  10.04938004  -5.63388121]


[ 22.33791158  -9.6572378  -20.96204644 -29.14648728  25.75671699
 -49.75949806  22.07043483 -19.18486751  -5.38116854  -5.35022212
 -18.33300291   4.00226419  -4.57322438]


[ 22.34848518  -4.43420822 -23.99063057 -30.55855067  35.8507448
 -61.70752858  39.03470985 -29.17883632  -1.63871555   1.88594327
 -33.76991613  21.46532845 -10.5933713 ]


[ 22.36658507  -6.68058189 -27.84113507 -34.52927424  30.27914514
 -67.99826939  35.25440989 -35.30954716  -6.21258828   0.76368979
 -39.88693291  17.60690478  -9.60517072]


[ 22.38769978  -7.75002426 -23.25743435 -25.96845078  29.92198092
 -52.75133625  34.84382504 -27.1937107   -0.30542145  -4.50065202
 -33.93864442  12.59823898  -3.90110529]


[ 22.35663792 -10.42742314 -27.60387545 -29.68341207  24.75282774
 -61.10924445  31.16711242 -33.19957764  -4.7373341   -4.39251739
 -39.75447983  15.84945295  -6.53732945]


[ 22.21102682 -11.10962754 -22.69272752 -24.7673292   21.98433795
 -47.68167147  23.97682266 -23.71460729  -2.22894752  -6.50569129
 -28.57972119  10.59434171   1.56537474]


[ 22.05417348  -8.43732964 -22.51707338 -23.05118201  23.98500923
 -53.19225611  30.217563   -23.41841821  -2.29191866  -3.46750519
 -30.03766424  14.73319272  -1.59517001]


[ 21.83587988  -7.30414237 -26.37574096 -26.01186727  27.94047078
 -67.78911223  38.90233353 -27.77286602  -5.48756478  -1.11095405
 -39.98655464  22.86044553  -9.38175231]


[ 21.7613205  -11.52631511 -23.89666108 -28.1219419   20.65761136
 -57.31663202  19.60398146 -22.46839678  -8.63797469 -16.98851116
 -22.91500882   5.48313075  -3.60926366]


[ 21.72818566  -2.84420951 -26.78192631 -35.86534942  39.72368981
 -75.06717243  38.24747698 -29.05384201  -5.32596084  -2.6795591
 -34.7964317   25.0546823  -12.48335352]


[ 21.71214104  -2.46840628 -23.93729109 -35.44345981  41.48466522
 -66.40125777  31.56348752 -21.24420805  -4.38561793 -12.23798144
 -25.22009549  11.19191732  -7.98778925]


[ 21.65998373  -9.17044607 -20.36220517 -34.20954993  27.16105959
 -47.25104633  11.70022427  -8.65367957  -7.08639396 -22.28340588
  -9.57774877  -3.17857248   1.28431033]


[ 21.44083924  -1.10194191 -25.47340733 -39.44368485  43.66026344
 -71.51841595  34.00800252 -16.20038304  -5.88746834 -10.4599108
 -11.68766506  14.9025182    1.09393493]


[ 21.26043582  -4.69071647 -24.34603824 -36.85211508  35.97927491
 -63.7030349   22.27519544 -18.39157869 -10.74264348 -17.31695107
  -9.82078324   5.73223523  -0.20128811]


[ 21.10925662  -4.07460835 -21.2809925  -33.406623    37.27415553
 -57.61032743  26.23294206 -13.70416673  -9.67735337 -16.7065287
 -11.29141466   2.74463872  -4.70430177]


[ 20.93883185   2.1757781  -19.68329852 -31.58894134  46.67882397
 -63.21070946  41.25602311 -15.20408347  -3.04256229  -9.173333
 -11.49563207   9.42744281  -4.34012958]


[ 20.69690744   3.44098668 -16.0377913  -29.58895067  43.96599389
 -57.04209637  39.35683343 -10.11922476   6.48697457  -8.67051074
  -6.72251135  12.72167732  -2.04008175]


[ 20.48656834   2.22627621 -13.0040253  -24.30969816  41.12179695
 -49.851448    34.44857242  -7.64518367  14.3784381  -10.69558317
  -5.07350524   9.40337549  -1.85062511]


[ 20.27721289  -3.61329287  -7.76918613 -15.90485735  31.39499483
 -33.22488542  22.76747671   3.58251124  12.39462631  -9.84426534
   2.6040082    2.66460482   2.1309192 ]


[ 19.96422688   1.76420462 -12.51351202 -16.60853945  48.53074856
 -43.60030024  36.03142481  -9.31256853   9.60381815  -9.4569562
  -1.78629909   8.56730929   4.20547868]


[ 19.77390941   2.22393695 -13.59101103 -13.89131089  52.62889161
 -49.80852585  42.68696957 -11.91295601  10.46533923  -4.7245071
  -5.05073758  18.64347097   4.06634632]


[ 19.63261879   0.83404561 -15.37622055 -17.3663505   46.88178327
 -45.46512657  39.7118386   -8.75445376  17.42047693  -4.59148086
  -4.8178141   17.50619075   3.40928698]


[ 19.79378407   3.09965827 -14.21869869 -16.20380743  49.95564466
 -53.48695193  42.56441183 -16.4981664   18.88628327   2.90270465
 -13.88640727  24.04563825  -7.64883375]


[ 19.52472865   3.84090845 -13.39008345 -18.66591354  47.93303838
 -54.94454182  41.16743986 -17.30543933  19.18559277   4.21026543
 -16.65445619  25.5509717   -6.83127165]


[ 19.61663125   2.35334081 -11.43171057 -17.79672539  44.47921706
 -43.98452371  33.02619502 -11.78216038  20.78088988  -7.88012333
  -6.02763486  14.54020568  -3.44935134]


[ 19.36839874   3.93218893 -12.95700513 -19.43531222  43.80743461
 -54.68278488  30.39689108  -9.78975178  14.56397371  -1.27141022
   2.23500204  16.14725479   1.68738851]


[ 19.42946381   6.0232941  -13.74344846 -19.34394151  46.30397958
 -59.40417813  35.05178365 -14.76638704  18.66148823   1.96235492
  -3.15292943  13.44010396  -3.78870769]


[ 1.94492910e+01  5.23927961e+00 -1.01764087e+01 -2.11570786e+01
  3.47419552e+01 -5.93940337e+01  2.49935109e+01 -1.30761812e+01
  1.82803286e+01  6.59420919e-01 -5.80443822e-02  1.06256300e+01
  2.40568652e+00]


[ 19.56459994   8.16988481 -11.81695901 -23.58803658  38.62275552
 -69.49276183  33.38428259 -16.33250874  18.22333      3.76242563
  -2.64094897  18.93275636  -3.87105193]


[ 19.61496426   6.82571894 -11.91456777 -26.75168927  37.8780483
 -65.36085724  26.57028258 -10.2423596   15.70543265   2.61691498
   6.82687192  11.9736438    3.55871681]


[ 19.13082683   4.40492776 -10.12859154 -24.99741807  36.15262208
 -58.71702006  21.66410196  -2.76647173  11.27712269   4.69328538
   6.83740057   4.99114426   3.23717073]


[ 18.8846696    7.46131262 -11.72764057 -21.29313688  40.45728282
 -61.57766592  30.43510113 -11.28070243  17.84202644   0.48610361
   1.43164275   2.56027451  -3.15980573]


[ 1.88833327e+01  8.90375280e+00 -1.09729066e+01 -2.37455134e+01
  3.71374081e+01 -5.92025242e+01  2.83192388e+01 -1.04960461e+01
  1.60068000e+01 -2.60616960e+00 -3.72900915e-02  4.43637921e+00
 -6.12669008e-01]


[ 18.82768688  11.20046385 -11.29301989 -24.96137867  41.87880336
 -61.47941742  34.85879744 -17.28670582  13.82918178  -1.41571504
  -3.62178848  10.74840726  -4.82990607]


[ 18.47969862   3.29274694  -5.98608796 -19.55062071  25.95196143
 -39.23901963  19.54229284  -1.357414     9.67821132  -7.0537132
   9.2167128    2.32809457   3.88858416]


[ 18.45281711   9.04341511 -11.95875041 -23.74160461  37.56787001
 -58.98310031  37.22848326 -10.34382315  15.33117862  -4.6398022
   1.71963762  13.68782646   1.2738513 ]


[ 19.09805228   1.89556839 -10.30714684 -24.13969833  30.84683144
 -46.94455172  24.46525548  -1.09434692  10.22116485  -5.82215111
   8.13247441   3.89034387   5.4216579 ]


[ 19.43719641   3.39098442 -12.33607846 -24.21923208  34.36795569
 -61.45125241  26.30244262  -8.8027063    9.99624712   3.62053738
  13.69377885  14.73140425   4.46216909]


[ 19.3298311    7.74908199 -14.39729989 -24.39199961  41.57341612
 -71.26329915  38.95596173 -15.97935095  14.63783527  10.4107794
   6.88735665  21.32343437  -2.93984881]


[ 19.07240777  10.69873822 -15.17717893 -24.02847021  47.17565815
 -76.80350006  47.33192387 -15.72079903   6.55359162   9.09774084
  -1.10438657  21.2654726   -2.79843179]


[ 18.6731699    6.87050653 -13.70700955 -22.11331747  41.25014927
 -64.03431666  43.59207595  -6.5422438    2.78598012  -1.09451539
  11.82920795  17.4075228    4.33483061]


[ 18.20295551   3.63651574  -9.28012893 -13.71124974  30.09386556
 -55.75011712  36.32057795  -4.4088875   -1.88886848  -4.71579826
  13.79674366  11.83742994   5.8004293 ]


[ 17.56940379   7.88063802  -9.33789581 -10.99133653  26.19035127
 -63.01228601  42.34911191 -14.00013083  -4.81011774  11.48472854
  11.20415685  21.79288797  12.485664  ]


[ 17.28614373  10.41728776  -6.68408616  -1.41753262  21.21227971
 -66.25627268  37.3019658   -9.80096742  -2.09768492  29.81054197
   6.93470835  17.83666445   5.15632817]


[ 17.31793689   7.39475055  -0.47204209   5.68284664  10.48306249
 -54.67569251  27.24634113  -6.09177802  -9.21092283  20.97100207
   1.1869669   10.25455594   7.00973835]


[ 17.50679105  11.47673724  -3.50739247   0.310096    14.34854387
 -71.01874893  48.44211028 -16.14788202 -18.44701463  27.7172413
  -5.02149317  19.47879903  -5.15718019]


[ 17.55017504  10.32952192  -1.06416117   4.05231718  11.77983879
 -68.75709658  43.31781986 -17.53628603 -22.29370682  25.85799457
  -7.19334523  18.41227947  -8.12756363]


[ 1.72838977e+01  8.74166842e+00 -4.17818563e-02  6.92251116e+00
  8.09533933e+00 -5.73528962e+01  3.75531231e+01 -1.37367003e+01
 -1.29728860e+01  2.57236133e+01 -7.14271763e+00  1.24617437e+01
 -8.37478046e+00]


[ 17.16418254   9.58307673  -0.90054982   3.67134316   7.29600501
 -57.66616824  51.32672625  -6.05850828 -10.96668479  28.5541692
 -15.24734757  25.27569007  -4.74701307]


[ 17.08371388   7.82481501  -3.64594843   2.54874232   9.5688064
 -57.92620846  54.69312981  -3.18489905 -10.52494064  29.02232852
 -18.73092416  27.80307057  -4.55264851]


[ 17.09355293   9.05381684  -2.60049548   3.06551341  10.0485964
 -59.97006788  51.62608168  -6.43958793 -16.38221917  24.66801937
 -13.8611351   29.09918321  -2.21783344]


[ 17.02697083   8.97661785  -3.01753774   7.97589556  12.22885868
 -59.96493539  52.52035904  -3.29125118 -21.66185349  32.1827892
 -23.92211826  32.90560999 -10.28532443]


[ 17.59329395   6.95286927   0.17003406   7.96506492  -0.57247858
 -58.09044677  43.94661261   6.41090108 -14.48186302  32.89692004
 -18.5475979    6.21214317 -17.92067965]


[ 17.64960548   7.22391315  -0.96045175   6.73003151   0.40962676
 -60.90409577  44.23685315   5.19495477 -14.2189826   33.40110183
 -19.74898715   7.27936685 -17.51346552]


[ 17.49487818   6.33707926  -0.55055171   8.62171748   1.22682221
 -52.41517448  44.86362048   7.37273628 -14.08069982  27.64402837
 -22.65314092   6.81755733 -16.2014937 ]


[ 16.94962481   8.74581673  -4.04874836   8.75142368  10.87277159
 -52.33907439  44.59095304   1.88435801 -11.85131628  25.92378494
 -25.91899755  20.71636027 -17.92451487]


[ 16.85976075   7.21610179  -2.85521388  10.65543596   8.23397672
 -46.72353921  38.98654195   2.94702416 -11.65323988  24.21697253
 -17.37898826  17.3800568  -15.44929351]


[ 16.73614498  10.09481408  -2.02066322   8.15541605   6.6315338
 -52.48864964  34.07783532   4.0698504   -9.60661048  27.8328256
  -8.3017482   13.92131773 -11.57716906]


[ 17.0021391   10.57571646  -4.04841074   4.98673874   6.87415795
 -61.28387427  46.84712027   7.68047396  -6.71436399  32.10466728
 -10.37737347  18.40014718 -17.08431483]


[ 16.98186973   9.9789399   -4.01296283   5.5483476    6.10035874
 -62.8774712   45.17877337   7.54998988  -7.17010646  33.08665247
 -13.49845678  19.15612759 -15.73574616]


[ 16.80349874   6.79154523  -2.03817594   8.73198209   2.63289681
 -43.53314074  33.94587844  12.09425523  -6.86741037  25.43052919
 -16.08184247   5.68050517  -8.641788  ]


[ 16.79638298   9.48888438  -6.81060904   5.77238894  14.24726676
 -58.9232325   51.58786307   4.53627784 -10.64711968  33.97624898
 -32.76002442  18.71636319 -16.13291932]


[ 16.68310569   6.5959212   -6.27223855   7.66677095  11.27569461
 -48.61605832  47.5135428   11.36385594  -6.02970037  26.73554926
 -19.77968126  12.99541942 -13.01746659]


[ 16.20067524   8.50513936  -6.54483776   5.71933308   9.34644626
 -41.9943833   45.05926003   7.66185894  -3.95346771  23.36271296
 -26.09103292  14.81217693 -13.02299368]


[ 16.13447746  11.616136    -9.57340771   3.9600174   20.4291145
 -49.85866844  58.13854258   3.60238023  -2.34229861  32.96319492
 -40.35388868  24.81555692 -23.09710109]


[ 15.90768261   4.99007803  -6.03054452   7.37075288   8.17789902
 -32.38565468  39.33452373  15.57526233   0.9197086   22.95983362
 -13.55412907  12.12969958  -9.94510418]


[ 16.19240751   6.16940883  -8.74389217   7.64486101  15.42316136
 -54.85401919  51.88658765   8.6835842   -3.61195362  40.30627456
 -17.91249492  26.6863948  -10.14898767]


[ 1.61504851e+01  5.57457283e+00 -9.95655311e+00  7.61639909e+00
  1.81569471e+01 -5.80756426e+01  5.72653391e+01  9.79464548e+00
  3.73694753e-02  4.59268319e+01 -2.40844408e+01  2.87458879e+01
 -1.69798367e+01]


[ 15.96424845   2.60210645  -4.77407264   9.12781736   5.52276553
 -39.48052964  41.21433772  23.75548076   2.02623854  24.26442128
  -4.8822692   11.9943971  -11.04708604]


[ 15.88383586   8.81589464  -6.36930211   6.68703001  13.89663648
 -57.68984514  56.37700886  17.28581261   1.42308884  35.79865694
 -23.73481435  22.56502551 -19.08144134]


[ 15.76329087   5.40188071  -5.09866967   7.93377488   8.23219162
 -50.78669724  52.23832133  21.92575741   2.75295708  29.13784668
 -13.5194762   15.27608927 -13.36394865]


[ 15.37978032   9.24359451  -5.96374278  11.35928231  21.69963919
 -60.77652573  57.2718709    9.82378687   0.13265539  38.25706843
 -39.07717226  22.00646193 -19.35431304]


[ 15.27803023   6.44029578  -2.85889083  13.79014147  15.41336574
 -50.90084813  47.72148401  18.09758415  -1.67641111  28.52481416
 -28.241502     9.13199466 -12.35755602]


[ 15.06840598   5.92941479  -2.97732373  13.44641889  14.61982613
 -50.00103706  51.5868384   19.43378383   1.85945501  29.68791771
 -20.54432737  18.63436484  -9.06101132]


[ 14.67578749   4.95770226  -2.99351693  13.12165318  11.61871278
 -45.43314484  52.0379883   18.07353184  -3.91999733  21.33929978
  -7.52683473  29.91022219  -4.58194598]


[ 14.41154004   6.8707073   -0.52658245  14.44068119  11.25289636
 -42.50919906  49.02127132  16.10697516  -8.20918736  24.2070616
  -5.67283454  30.0329752   -5.92688729]


[ 14.0071075   10.30192206  -3.28605336  12.01922091  19.32934236
 -42.68375716  57.13744139  13.12671627  -4.60617298  29.46481642
 -15.91171498  28.01330395 -16.15153007]


[ 13.84753971   7.24092982  -2.64228972  12.6479267   15.25166938
 -36.84760141  44.50953622  14.80624436  -2.91223588  23.30562689
  -1.19303963  17.9027765   -8.60394325]


[ 13.67124775   3.69983955  -6.16417795   9.74625182  11.79950411
 -33.48872816  37.8938396   12.56796288  -5.1677206   23.92144377
   1.20950025  19.95077248  -3.34140312]


[ 13.31039549   8.92238115 -12.341874     4.20148571  25.85501307
 -43.59900984  50.72345388   1.68435792  -8.07280222  25.66908268
 -18.21751869  25.07354606 -11.29199499]


[ 13.26310555   8.13491312 -13.2201556    2.7804399   24.7542921
 -41.31742624  45.16910552  -0.64846091 -12.05507746  22.08977292
 -16.32967409  18.54035683 -10.10537107]


[ 13.47838353   6.85511176 -14.16848351   4.40618907  26.87278546
 -44.00114255  46.07372325  -4.61890786 -11.98021167  26.40538984
 -18.63618296  24.03160349 -11.84849731]


[ 13.66848159   6.82479077 -15.1790622    3.28595795  26.3782663
 -45.13837632  54.46103463  -1.63809228 -10.11662721  27.37099098
 -25.95468232  34.43041483 -13.43391214]


[ 13.8241439    5.157031   -14.57410314   2.99214356  20.64972542
 -38.96665608  50.75544402   0.41801063 -11.17834829  22.96370617
 -20.46751018  31.34721403 -13.55679046]


[ 13.93727261   3.70502056 -14.2670106    4.13801965  18.2292681
 -40.5153198   44.04510072  -4.81519275 -14.35149316  22.62517363
 -21.08449766  31.82173637 -11.00908163]


[ 14.15860821  -0.34486836 -17.08990323   1.93868698  13.66568453
 -42.10082203  41.58909585  -4.62308212 -18.67708315  19.58833243
 -22.86989729  23.62635701 -12.56962607]


[ 14.20551133  -3.70482235 -18.92822764   1.34227824  12.36700916
 -39.08805201  38.04007277   0.11351996 -14.01840168  17.14983469
 -22.99395199  14.58098701 -17.16138478]


[ 14.34885096  -4.46049868 -17.81478562   3.95728656  13.61956185
 -40.22633188  39.75289703   4.00932544  -8.88663503  21.81271146
 -20.76958586  18.63957337 -17.96373065]


[ 14.52811404  -4.68859268 -18.16193549   2.98251148  10.59858346
 -39.62446552  37.27740145   1.01988822  -6.50809542  32.29992317
 -17.59606496  25.13604967 -11.23392952]


[ 14.5631834   -1.92991054 -19.36059444   1.61743628  16.454819
 -43.58549045  46.46095994  -4.69709807 -10.00050087  37.0079096
 -22.72795549  31.36272989 -17.10023616]


[ 14.42352485  -1.64434349 -19.1390222    1.48701492  15.93917835
 -45.87476356  42.24716426  -8.65185258  -8.7680867   37.12085468
 -26.44287035  34.27744708 -17.11932986]


[ 14.60944794  -2.97405466 -19.94723535   1.33092284  14.62712651
 -51.7533855   42.72912251 -10.89324862 -14.09915036  34.68676183
 -33.27315224  37.43027549 -18.46226506]


[ 14.5299659   -1.91328181 -20.70214183  -0.98510629  13.65558762
 -52.76790582  42.97951309 -12.3418943  -15.17077404  33.60123028
 -33.5168002   33.91658487 -19.38762249]


[ 14.48207142  -3.50570232 -17.22591437   1.32443148   6.73039451
 -36.81191964  33.43251504  -2.94575272 -13.65605833  24.00101558
 -19.03701874  18.11025949  -8.39701993]


[ 14.54713775   0.05859752 -19.90050548  -1.15456178  15.38861042
 -47.60358269  48.74651376  -8.10172034 -19.1579647   30.5856301
 -24.36303294  30.47116293 -14.90021037]


[ 14.54586551  -0.76403345 -17.92202408   0.15056796  10.75329378
 -46.97208674  45.68218186  -4.20597093 -18.37467486  26.56992831
 -20.67808977  27.21952393 -18.40607471]


[ 14.53247694  -3.33305796 -18.02870171   0.81107958   9.06249003
 -43.72359013  39.20416963  -4.20815468 -16.40562616  26.3418941
 -16.70258413  22.39101955 -18.53460643]


[ 14.2502727   -1.50248917 -19.27925369  -0.10079318  13.98048433
 -47.38668283  40.49263574  -8.86756499 -15.19376893  27.6583331
 -23.46313721  26.6075535  -23.36321761]


[ 1.44725132e+01 -5.65491122e+00 -2.12574499e+01 -3.74019395e-02
  1.32772636e+01 -3.98482547e+01  3.73774117e+01 -2.57943221e+00
 -1.49187890e+01  1.73323003e+01 -1.85073195e+01  1.61362040e+01
 -1.97937411e+01]


[ 14.47824576  -3.36041756 -21.44515031   0.53717742  18.77094236
 -40.21056758  44.59013569  -6.47704474 -12.84751895  26.91415754
 -24.78430663  20.93135708 -23.90131201]


[ 14.5049451   -3.62192688 -20.11733038   1.38290686  16.27905302
 -37.57464379  37.76836932  -7.01347835 -11.95283458  25.234825
 -19.37225887  14.52006489 -20.36402845]


[ 14.36338062  -3.60470992 -21.41865672  -2.18624781  13.45176182
 -37.95694709  34.34228126  -6.2637846  -14.59407697  17.41899713
 -18.74207161  13.99091341 -20.48773848]


[ 14.4754209   -1.75583073 -23.8277748   -2.56370332  21.88085343
 -49.60768716  49.56773673  -6.95450859 -12.51739253  27.94849286
 -32.45495778  29.74271679 -27.27820016]


[ 14.42958939  -4.02795632 -20.38640108   1.52532747  17.82943499
 -34.60027829  40.95197334   1.45648935  -8.06609609  22.66900059
 -17.75871101  17.66650754 -15.61751007]


[ 14.37465457  -1.91634729 -20.65939168   0.97660778  21.04938549
 -37.64166317  47.00017868  -1.94152119  -3.06304857  41.2416687
 -13.42065845  32.97913576 -13.54567564]


[ 14.23225631  -1.32394879 -18.4766821    2.41046203  19.48979918
 -32.34320719  40.35769426  -6.32793887  -7.08689185  35.92014809
 -12.20805777  27.55611386 -12.74219053]


[ 14.18882246  -2.81708945 -18.62462361   2.314273    17.08882393
 -32.24654815  39.60429463  -5.00596104 -12.1839465   26.29834984
 -15.12936475  21.42249081 -16.30318469]


[ 14.14100009  -2.40469357 -20.03622416  -0.49860951  13.07930687
 -45.14194542  42.684781   -11.76226512 -19.0041534   23.91287907
 -23.27504984  31.97591156 -18.77648767]


[ 14.28422764  -3.55299327 -19.05180814   0.57253832  11.86414611
 -41.97886436  46.21218888  -0.88860426 -14.65171663  26.91472767
 -12.8389141   38.00091185 -10.0184629 ]


[ 14.3688018   -0.743531   -18.36477467   2.56067557  20.47306522
 -44.18891433  54.31211831  -1.19686031 -13.57006768  28.9160337
 -18.02137675  45.99491535  -9.24405134]


[ 14.34717659  -2.41084187 -15.53349175   4.22838173  14.89462587
 -33.43068477  39.15946822   0.66738915 -15.51615741  17.54029478
  -7.46510536  28.81278852  -4.69426307]


[ 14.27984281  -0.25633151 -16.48599807   2.50640002  15.42168396
 -45.56414384  34.24739556  -5.97640121 -16.62525815  20.87135904
  -9.02348695  30.39749546  -2.64972029]


[ 14.21948692   2.343778   -16.31583172   3.33645528  21.69572151
 -50.62110784  43.49517968  -6.44955922 -16.65730089  27.41639844
 -13.58354745  35.2554022   -4.64953199]


[ 14.00630568   3.28774551 -15.39132017   1.82491502  17.57615728
 -45.32043089  43.99034524  -4.76626555 -17.4986105   28.92606561
 -11.65586679  33.29057741  -2.14329603]


[ 13.97751405   3.46242644 -13.94512027   2.01518531  12.96206512
 -43.34580744  42.44116555  -1.86227611 -13.53138425  30.38491417
 -10.70681976  32.24009918  -3.80338914]


[ 13.91708092   4.9438929  -17.56322114  -2.55666824  14.32782616
 -56.778363    45.65445493  -7.34933835 -15.16739573  29.42277554
 -25.90751195  31.44114025 -14.77315271]


[ 13.62563046   3.74397344 -13.39390404   2.67173598  13.07557725
 -45.5924192   38.09204705   0.65889761  -7.21379416  25.53006398
 -17.38860154  22.1349162   -6.15571597]


[ 13.22337823   7.54410632 -12.94728282   1.21718193  15.3731755
 -48.54149459  41.40088997  -8.06813773 -11.21721516  31.53146857
 -24.05398938  24.01300508 -11.76458512]


[ 12.88556838   6.17428137 -10.1262309    5.65973453  18.13987887
 -38.34271638  36.25275163 -10.68235323 -11.63307085  32.8853048
 -11.60996391  16.4746649   -6.29792037]


[ 12.39188536  10.79074602 -12.03257738  -1.17148021  20.75059976
 -47.6482837   45.60885861 -12.95331669 -18.08514566  33.30234788
 -11.20597593  15.0478188   -9.52557215]


[ 11.95405148   8.99587809  -6.90609031   3.30059912  19.16325162
 -32.33495716  37.94460556  -6.82150257 -14.06576627  31.13858943
  -0.75897307   4.76367659 -11.77037545]


[ 11.2521048   12.89695788  -3.57591429   2.29816668  20.57609735
 -23.51102686  44.3286164   -8.0268686  -11.19904975  24.18315828
  -1.64275623  16.0311123   -5.51546382]


[ 11.816086     9.64624955  -9.63787644   2.14019891  24.74748412
 -26.18716789  40.16659224 -10.51062899  -1.05513899  23.47863426
 -24.35217037  29.31446437  -8.3276811 ]


[ 11.48603587   7.47461588 -11.53914178  -0.13232165  22.37021813
 -30.22489495  34.82667014 -15.93529662  -4.38483817  19.92039719
 -30.14988861  24.16922425 -13.26762708]


[ 11.36294767   6.10295887 -13.6222669   -1.93303159  19.98563134
 -33.56462522  31.93307545 -18.62986864  -6.74643324  17.31232646
 -33.95535189  21.81156425 -15.72432511]


[  5.4369229  -14.573395     2.70545787   9.83365068   2.44933249
  14.28400784  14.6816634    1.15333442  -0.48861341   2.24830827
 -12.56428093   7.57165867  -9.38095419]


[  5.07365611 -16.00072411  -4.00329269   6.10758564   7.20365427
  12.89518157   6.90144407  -0.66055607  -2.27338711   1.03841873
 -13.802879     0.57691099 -12.30137701]


[  4.42750525 -19.70117385 -15.42786409  -3.17468791   4.25687796
   7.47580677  10.74679649   4.33276374   6.41082303  10.75742735
  -1.62811295  11.15822365  -2.1728466 ]
