

[  9.1829946  -17.58455773  -3.50418851   8.2141251   36.73730948
 -25.22468118  27.50813248  -2.05260907   8.31634126  16.1951943
 -23.01507782  13.57970016  -4.79711316]


[ 16.96554488   0.72999551  -9.43104125 -34.02557947  34.1651483
 -70.96245189   3.61795708 -21.06953928  -7.36245516 -36.61589963
 -24.54711081  11.63497407  -4.5026809 ]


[ 17.926223     1.82376887 -10.12008265 -34.12805894  43.11745167
 -77.26318419   3.17663996 -30.35545599 -10.50012732 -25.51281251
 -29.89617482  22.73448962  -2.74279564]


[ 18.73314635   0.96343239  -6.07261101 -29.72099046  45.33629116
 -68.72581505  -2.50552503 -28.13905235 -10.57208148 -27.1366736
 -17.56078873  21.26389864   2.01198041]


[ 19.65228471   0.39468871  -3.27317565 -25.85452001  44.36647345
 -61.48764863  -9.96725639 -28.40396143 -18.37994405 -27.08061762
  -6.01880749  15.58189274   5.32177433]


[ 19.87433549   1.49583719  -7.70143298 -29.09773932  48.65826309
 -75.75973477   2.10784382 -35.278316   -25.80350125 -17.32021379
 -20.15897504  24.21405842   5.34299983]


[ 20.32566838   0.14498881  -5.37820044 -22.9080734   43.9661127
 -61.69677291   4.50692231 -25.84135875 -18.10821609 -23.79673947
 -10.97087629  16.47014948  10.09905511]


[ 20.52269912  -3.88593137  -7.11960003 -23.18392619  36.43861001
 -56.6192546   -0.13684663 -24.71553695 -14.20868525 -30.13899424
  -9.30926781  15.25498361  13.699235  ]


[ 20.95993957   2.65652961  -7.89541814 -19.22168149  47.68897019
 -63.37478493  25.64307586 -25.78353841 -14.43365324 -15.16656458
 -14.59616583  23.44686915  17.08997096]


[ 21.24147723  -1.81486399  -5.59978833 -20.65542441  38.47244695
 -43.17815327  10.8539082  -15.37061664 -16.15485766 -16.90830744
  -2.67231199  12.82254362  20.72639876]


[ 21.54271484   2.24585746  -9.07280015 -20.89324747  46.18271661
 -60.50279469  25.40281311 -25.23604942 -10.46838615 -17.052618
 -12.2888504   19.65064194  15.09854133]


[ 21.71411845   0.78884817  -6.11132852 -26.62643343  45.63338582
 -52.33284498   8.18761352 -17.05258945 -11.05258118 -21.23069202
  -6.39897727  16.94702539  16.36182753]


[ 21.82616436   4.45876869  -6.61773695 -27.4986046   47.3574066
 -58.67500586  13.22061585 -19.76527901  -7.12463425 -19.60517583
  -9.08938045  17.04558629   9.00459667]


[ 21.97922501   7.50744946 -10.47737182 -31.2729939   51.5156292
 -69.54483246  20.45817476 -27.73305903  -5.64681467 -18.4168318
 -17.20823789  26.31174014   4.73360103]


[ 22.10464777   3.16604163  -6.11824989 -26.48435558  37.08982619
 -52.3952157    5.79125022 -20.18995836  -2.34388252 -24.05950587
 -13.15406874   9.93696613   7.90566468]


[ 22.0917472   10.03820508 -10.61656085 -27.23678091  55.34013816
 -69.81113425  28.72096311 -33.40027788  -1.08837184 -12.44689625
 -28.00150069  27.23379785   2.35323092]


[ 22.14144356   7.92245046  -9.64280587 -26.11973714  50.42651691
 -63.92045118  22.96062881 -29.05432552  -5.79613158  -8.86113388
 -15.33339202  12.04202416   9.62723238]


[ 22.2929647    4.93923742  -6.81648549 -26.40625816  43.68660881
 -55.03723184  13.1846716  -20.33110916  -4.16661565  -7.57994019
  -4.81718568   6.34283569  14.42586996]


[ 22.45315027   4.69535447  -7.59368051 -28.50174183  40.93045039
 -53.44904714  13.58449234 -20.63481124   2.22066482  -8.62608788
  -0.19083846   9.98086107  10.54768382]


[ 22.46374765   6.18750564  -8.67712274 -30.80202266  46.92030956
 -59.04141341  15.5719053  -19.63086075   1.981056    -8.86546435
   0.13427331  13.32260905  11.84543135]


[ 22.68710996   5.44415866  -9.29253934 -28.01068239  46.75953191
 -59.15807577  15.8652547  -22.60154579   7.2750232   -5.43045808
  -4.61217565  12.52257248   8.64488376]


[ 22.93642239   2.61507366  -7.11165131 -25.82524415  43.82299174
 -51.95369753   6.59813349 -19.1221299    7.60859658  -9.78837275
  -1.1883829    8.46918179  11.45632201]


[ 22.83884093   3.74419837  -7.02238305 -24.93887456  43.65782086
 -51.78649259   9.36475964 -21.09152379   8.37328674 -11.60131385
  -1.46199664   9.83156026   6.89698011]


[ 22.79351953   5.71107481  -8.44948465 -30.41346667  46.2208528
 -62.01304411  12.46697639 -22.44963602   6.59120513  -6.44823271
  -5.56157373  16.56748119   6.51089101]


[ 22.8509149    5.41719006  -8.4454986  -28.03757159  44.72488056
 -62.85624377  15.43037653 -22.08337316   4.51693635   0.32563881
  -7.58668922  15.62396867   6.78772249]


[ 22.9130611    5.20930749  -7.85005507 -29.01497827  42.91409079
 -60.83642347  14.3189892  -19.82821418   2.72316294   2.6802679
  -6.15670733  12.43051158   5.7879361 ]


[ 22.79280873   8.90536624 -12.69682181 -32.38508343  50.99300892
 -76.46740256  28.97207184 -28.24704324   0.18410381  17.31641032
 -15.00818031  22.54467061  10.54006252]


[ 22.76165232   3.27457833  -6.50729881 -27.95126037  34.53537624
 -52.65739099  11.93341663 -17.0644228    2.43697016   4.40209432
   1.09960055   8.66629973  13.45948919]


[ 22.79594285   8.04525556  -9.29907054 -33.9060082   44.05970758
 -65.3816464   23.66833126 -21.38227816  -2.40416285   7.69407507
  -7.69805449  14.81117055  13.48141396]


[ 22.51250694   9.59565288  -9.59785194 -33.68639537  46.53477747
 -69.65913267  27.47352736 -22.20125133  -0.42476542   6.93855981
  -8.89780466  19.11384709  12.14410921]


[ 22.59799171   5.61193763  -9.56335923 -30.79231291  37.44477814
 -59.81603093  18.59174534 -19.21618186   6.42699097  -0.09303982
   1.21404978  16.06161428  13.98569067]


[ 22.71682883   3.29066336  -7.42568754 -32.38557351  34.87487874
 -54.35647188   9.03881906 -15.23491995   0.45489165  -1.70144651
   2.74782415  10.39924984  13.66766036]


[ 2.28162256e+01  4.84436807e+00 -5.62977589e+00 -2.99300701e+01
  3.77761794e+01 -5.13763780e+01  1.21432521e+01 -1.70536884e+01
  3.84274444e+00 -4.51789505e+00  6.69377339e-03  5.33450462e+00
  9.19000457e+00]


[ 22.62288565  10.74657693 -10.03929479 -33.49853551  48.82709504
 -69.95136067  26.4049354  -29.29580335   5.14092733   1.09837531
  -9.60719652  16.50778377   2.98100549]


[ 22.53089007   9.34541582  -8.7908621  -32.38666865  41.86180272
 -61.6405748   19.49166935 -29.34887294  12.37445922  -3.30425023
  -4.98634533  10.49282591   2.32637126]


[ 22.50913342   4.92456235  -5.08215622 -33.62951522  30.76354941
 -44.43959998   3.36870257 -18.97850069  10.28746092  -5.41822407
   3.96445684   5.62591201   9.59212713]


[ 22.47338156   9.8180914   -8.77352012 -35.71971461  37.03348026
 -56.54422514  12.70831703 -23.78770837  13.8744611   -8.3505401
   0.66153094   8.69439136   8.04810136]


[ 22.31328927   9.00221684  -5.21975943 -33.84630356  32.76921254
 -47.50466823   8.61312376 -17.61095514  13.32802387  -7.95282373
   2.05093247   0.85865101   8.87443794]


[ 22.29996602  14.67610657  -9.80377821 -35.21500574  44.13502618
 -67.08484169  28.61362857 -28.98465058  15.21998118   1.85398078
  -5.76630343  13.94291609   6.65580929]


[ 22.41727085   7.79803735  -6.08858118 -33.45363831  31.90389136
 -51.75765182  11.78431362 -19.57837323   9.97811442  -0.76828394
   1.13023391   2.18564557  17.69874741]


[ 22.61795731  10.62426122  -6.40791809 -32.08897969  37.73014999
 -57.41884022  18.95868286 -22.61104979   9.96781414   0.96313016
  -3.80534276   0.77725507  17.9221691 ]


[ 22.64213389   9.15556341  -8.18741927 -32.02079526  34.08906487
 -56.84740128  20.82011336 -24.98851192  17.70971533   0.54227747
  -3.24744638   3.8828426   16.90506423]


[ 22.57818927   7.0974454   -4.8819633  -32.07886989  30.41247853
 -48.00881228  12.56821005 -18.23307962  16.37950173   0.50286437
  -1.18579583   0.28610233  15.4429107 ]


[ 22.4275206   11.23857038  -8.61882616 -30.71915258  34.02368452
 -60.84313931  26.67647037 -32.5603166   17.6390315    2.74192612
  -3.70273509   8.9345666   13.07469048]


[ 22.38379781   8.75851209  -4.87569617 -30.11585363  27.27976536
 -50.21676524  18.0265727  -25.33032231  14.69054914   2.65873444
   1.57240015   4.12239946  15.46148921]


[ 22.43257304   7.76606046  -5.13936042 -29.97515078  22.57778891
 -47.77227241  18.11725489 -29.82065162  17.62670017   1.05816512
  -1.26750359   6.44081293  11.16548453]


[ 22.51261356   7.74430737  -6.65716888 -32.07119654  24.01434399
 -49.29635252  15.61077092 -28.22602657  20.60754337  -4.82845325
  -2.07591045   7.2406891   11.69366566]


[ 22.52421433   8.25454351  -5.5930368  -30.6627794   25.19317572
 -48.26455801  16.54222228 -23.96879755  18.47377129  -0.67194187
  -3.76602289   5.24849732  10.19154702]


[ 22.41104191   6.00821505  -2.64144755 -28.60959527  20.9828096
 -40.4929218    8.07164462 -18.32420737  19.26827442  -1.14260141
   2.8027416    2.88955651  14.42627543]


[ 22.39294906   9.50467106  -6.94106931 -34.29188819  25.76725917
 -54.24384578  18.39888268 -29.50499561  21.62963507   5.66271742
  -3.98445218  11.33011143  12.5301594 ]


[ 22.39126385   8.4227013   -2.97239971 -36.03748405  22.78394594
 -43.96641893   8.34308469 -23.65268113  21.30767516   0.41624542
   1.23463196   6.06159201  13.49116811]


[ 22.42606465  11.97920915  -5.91948439 -41.6989799   28.27170906
 -52.98206035  10.89123911 -25.73950209  24.6754694   -0.73376108
   0.39541143   8.88833767  14.31751116]


[ 22.39265424  12.14756888  -6.10574055 -44.81817668  29.36601087
 -51.98300646   7.21341203 -21.70073578  21.56567246  -4.09633437
   5.87870367   2.88151258  13.00819342]


[ 22.29858406  13.61955498  -5.72455134 -42.74754871  34.112849
 -53.2395071   10.71635247 -22.14006495  21.67493322  -7.29615998
   6.42899863   3.80939145  10.2296314 ]


[ 22.30063959  11.59461869  -7.05477415 -43.50836687  32.10760532
 -54.76268999   7.42221828 -21.37278705  19.27611644  -7.03567444
   6.08486082   4.52644347  11.98851886]


[ 22.25553765  13.4730818   -6.12465142 -40.92029582  33.33318706
 -53.10392008  11.74207097 -23.35691673  20.37695839  -8.43069179
   5.20188761   5.84242887  11.2946155 ]


[ 22.26286608  19.17062405  -9.79221106 -47.95324465  43.42167665
 -67.34517838  20.48889684 -31.11270524  22.24977206  -3.27473296
  -4.10988606  14.05259298   6.11888566]


[ 22.16371346  14.37115007  -6.70370513 -46.57297298  33.4001429
 -52.39259927   2.10706177 -19.38826509  21.12589396  -9.36187363
   5.82093084   2.04766003  10.22671371]


[ 22.0187983   17.42921778 -11.96335158 -46.88389877  38.85367524
 -66.78902926  12.68033781 -29.21220822  20.73729841  -6.24997212
  -0.33478454   8.3954727   11.95522923]


[ 22.02122689  14.91752179  -8.81863704 -43.94086536  33.46790622
 -54.98407289   4.41199271 -22.65516522  19.93933037  -9.50588626
   5.51018185   2.26344144  15.65299043]


[ 22.06466663   7.47249457  -5.44773435 -34.77296828  18.00228494
 -38.76637546  -5.26943118 -19.62511333  19.21729547 -13.99242885
   6.71255547  -0.16937209  16.87727059]


[ 22.02770127  14.99917548  -7.60438492 -45.86015235  31.594942
 -51.94797481   0.54364693 -23.32271919  19.36474795 -14.39799177
   3.57456817   0.95324469  11.81564112]


[ 21.96735448  10.23596803  -4.68114791 -41.48248211  23.3743678
 -38.07967246  -5.42679907 -17.97801531  19.92676674 -14.74671731
   9.28535945   3.34816177   9.99533873]


[ 21.89903805  21.48685615 -11.25862961 -50.92635603  46.20134493
 -72.87179521  18.46674947 -34.68204863  18.67270965  -2.94683205
  -5.95711621  14.93966402   7.84493956]


[ 21.97736121  15.65990787  -8.55058821 -46.21547664  35.69652859
 -57.83858289   4.08263777 -27.32783763  19.22153358 -12.42526247
   3.78248095   2.99938943  13.35721941]


[ 22.12453422  14.81824991  -9.65419784 -48.66568887  36.84258819
 -56.51903966   2.29181245 -26.24766911  19.81640235 -14.24726043
   1.2963364    3.7725418   13.63982351]


[ 22.00070717   5.81319915  -7.71456746 -37.17344202  20.59199556
 -38.30348902  -3.37046406 -24.9982537   18.88900735 -13.33071961
   2.14711426   0.45125483  15.22415881]


[ 21.92868416  15.06937364 -11.68469541 -45.56826692  41.62505467
 -63.31917694  10.48645986 -30.54386686  15.46717662  -6.36354745
  -7.33816947   5.86321987  12.1662581 ]


[ 21.89627292  12.5714547   -9.75266048 -41.08926568  34.06752231
 -54.93837507   5.24661393 -27.99373129  16.88040602 -10.88316985
  -2.00475653   2.40502951  12.26327538]


[ 21.98388301   8.80526491  -9.3908804  -44.58561124  27.62071882
 -50.56295163  -2.9185863  -25.6640463   14.74109584 -12.05877902
  -7.12591099   0.11763281  12.23764932]


[ 21.79331489  11.56591601 -13.41482072 -43.1270361   34.64239459
 -65.04614813  13.21408065 -34.43701213  11.81261095  -7.54180247
 -15.37784376   6.15479133  12.0315487 ]


[ 21.78169842   7.79248478 -11.57376849 -39.79976288  27.62853679
 -59.36211942   8.01566652 -32.92670672   8.1753981   -4.89261958
 -16.53623953   2.85289554  15.95140608]


[ 21.97002601   7.01344494 -12.06053574 -33.92264017  28.56481817
 -59.51959677  15.35931132 -29.24918438   3.69132416   3.7776995
 -13.42726866  -5.29345684  19.33088542]


[ 21.9354801    6.46563767 -16.22537975 -32.04827775  29.93418998
 -70.93437684  26.36889247 -37.16727105   0.87691625   9.6611607
 -21.54824652  -1.6169177   18.08969393]


[ 21.95360076   6.39682148 -18.08367312 -31.7536485   30.79542871
 -73.29148976  28.56587651 -41.49708949  -0.31571433  11.37450245
 -25.46292698   3.06337548  14.15813884]


[ 21.87693343   6.50384963 -17.76628712 -30.73989463  29.29772088
 -69.54944201  28.08603023 -42.98044737   8.19389741   6.48215131
 -22.54056556  10.3942917    8.41624764]


[ 21.65233291   5.51243684 -17.63726874 -31.85094577  26.69914458
 -65.56414798  21.77362834 -41.34783743   2.71061109   1.80818722
 -21.3647695    5.67447856   9.85569898]


[ 21.50358483   3.8909299  -13.82797348 -27.22578049  21.99430727
 -54.24835234  18.66768722 -31.26521794   3.56117997  -2.3918155
 -14.36030152   5.27253158   8.84931158]


[ 21.50101824   6.56681138 -19.50940706 -31.1153272   30.7378827
 -73.7790528   30.48878124 -41.19987565  -3.34371412   4.29533291
 -32.00031111  24.58730825   4.61397376]


[ 21.36357729   4.10008389 -16.29396394 -26.04793623  23.69530857
 -61.01158031  19.26707274 -35.61949803  -2.59510107  -1.17678962
 -20.8483016   11.02249095   9.17043545]


[ 21.34360988   3.11655384 -15.94154488 -24.73834021  19.37502403
 -56.73839017  16.13646814 -37.75941846   1.73385866  -1.16456347
 -18.81840167   9.16087787  12.09403013]


[ 21.28111832   4.84705206 -16.51578179 -20.76452418  22.77573548
 -63.18131359  26.16324204 -40.61800783  -1.19305121   5.67426571
 -32.85413544  18.23926799   0.52027191]


[ 21.28047935   2.22870179 -15.95638767 -19.14025605  16.96373807
 -57.59180378  20.79713197 -37.95125289   2.11386917   3.4684379
 -25.07500753  16.81004002   3.1396045 ]


[ 21.24344046   1.44035242 -15.40750439 -15.48910148  17.45236645
 -56.03021819  19.27714664 -35.75223226  -1.47345415   2.58706495
 -26.17771144  15.06281386   0.36896727]


[ 21.28977647   3.36451626 -18.90225733 -14.81698583  26.02201545
 -69.46703415  31.33921211 -38.78667273  -4.76410731  12.53509514
 -36.3243054   31.73370474  -0.96875981]


[ 21.24410134  -0.90339111 -17.76565527  -9.28884487  18.13757377
 -58.34149382  18.93375533 -29.94007495  -3.668999     5.5069996
 -30.24919655  23.45573865  -0.22635524]


[ 21.29303427  -1.1095285  -17.89872968  -7.08189452  17.25225183
 -59.77776256  21.0376316  -28.29561812  -2.47934926   7.6249615
 -31.20302257  27.96006625   0.4672389 ]


[ 21.3485297   -3.09223488 -19.36633173  -4.73262305  17.25654947
 -66.56896758  22.47287523 -32.91090243 -10.37441723  14.72945396
 -42.20794524  35.23237273  -0.75656845]


[ 2.16493124e+01 -5.66840942e+00 -1.61182662e+01  4.97811035e-02
  1.05223252e+01 -5.52447005e+01  2.02598905e+01 -2.56407592e+01
 -7.67360768e+00  1.41900026e+01 -3.58216970e+01  3.05906267e+01
 -1.65816324e+00]


[ 21.72717932  -7.29043191 -14.20596594   1.33080036   5.22284627
 -54.01161185  20.33557349 -22.05131837 -10.78292442   9.60944362
 -33.27694522  31.06531279  -4.20791426]


[ 21.83815259  -6.97395976 -17.7126211    0.35281074  10.75702165
 -61.34659218  25.39445317 -24.67790381 -11.94331966  15.8387872
 -38.46508123  40.14761333  -9.18800285]


[ 21.84399513  -8.2136468  -18.11990744  -0.70457251   8.13913204
 -60.96043521  21.70787124 -23.64974258  -9.1616369   14.09787396
 -37.66361592  39.60904191  -7.54262676]


[ 21.6392799   -7.09909058 -18.90402848  -3.72167376   8.24534363
 -60.66311026  21.2182938  -25.96653653 -12.16950936  12.29808845
 -35.9032341   35.27245358  -7.14943476]


[ 21.05448793  -6.0901045  -15.23178964  -6.20459975   3.64241728
 -46.26098876  13.30688178 -24.57623391  -7.79150182   3.20664499
 -23.26026295  21.98252926   4.79091807]


[ 20.56181445   1.42052531 -14.40949587 -10.78065638  13.830684
 -52.40040656  23.90146804 -31.22532924  -5.89666112   6.66278499
 -23.1413141   22.07457209   1.55104983]


[ 20.0588017    4.01647673 -12.25922739 -15.60960302  11.39179398
 -54.14970582  18.28753404 -36.75341335  -3.43529244   4.54662123
 -22.69166068   9.70576611   4.3318762 ]


[ 19.93488417   8.77696689  -9.49640849 -22.43886553  14.69588172
 -46.86784177  15.68005255 -29.45482551   4.17763882  -3.40739768
  -9.70029097   0.09282892  13.85302499]


[ 19.99942536  13.08450042 -10.55759628 -28.8929859   22.60383509
 -55.18910196  25.07657988 -34.60024291   6.98701352  -0.89658887
 -14.73773703   7.13208651  15.23216757]


[ 20.10186396  13.19178119 -11.6153329  -27.84872346  24.64484533
 -58.43485385  25.65296445 -36.21297772   6.62812055   0.76378892
 -16.60273453   9.47534996   8.39140979]


[ 20.21890249  12.63737725 -10.78937805 -26.88192857  22.68756266
 -56.95058753  23.37979166 -40.34690799   3.17057912  -5.51360157
 -20.14770327   2.57713668   1.11634125]


[ 20.28076381  12.99208897  -9.50121051 -22.1703842   25.75254801
 -52.4616181   26.28128564 -34.57672358   4.81113124  -1.69639526
  -9.75423824   1.66581402   3.41700864]


[ 20.46121162  15.82521852  -8.47218381 -21.00389743  31.03248822
 -60.53103792  38.51613304 -37.87697342   5.1811111   12.88532266
 -19.00598024  16.74233365   3.55370607]


[ 20.4154835    9.71206199  -2.86131584 -14.5046047   19.44289714
 -41.85203867  21.06578465 -21.35317993   7.36535826   1.87079396
   2.67680227   2.04861367  16.92652389]


[ 20.40918122  12.51955472  -3.64879681 -13.22429449  24.14496583
 -50.86823375  34.33963775 -24.40062522   1.4654037    8.10088858
  -4.19916692   8.7919346   12.21695152]


[ 20.29442221  10.18337608  -3.11037682 -11.8708955   22.29214317
 -39.90721348  27.9603553  -15.08185621   1.13686483  -2.40857246
  -0.68109087   0.89993118  16.99590507]


[ 20.30104947  13.270134    -6.48127415 -13.85621983  30.30303008
 -54.51182726  41.01259549 -23.68793429   1.80606844   7.86090013
 -11.25296207   8.39584361   8.94668501]


[ 20.28554463  12.11161422  -6.17079621 -13.93169318  27.15823401
 -51.47457029  36.79379952 -28.11670572   2.08055003   8.55433931
 -11.94812854  11.45361907   7.18772766]


[ 20.33566188  12.47013089  -6.82011744 -14.50582258  29.9069356
 -53.511099    40.0505102  -28.5224694    4.38380444  11.95106189
 -17.63682313  22.43990929   1.67665377]


[ 20.28831305  13.41079298  -5.98510886 -16.83131621  29.362419
 -51.71923342  37.03685614 -29.84520859   4.13436374   6.97542617
 -22.1246111   19.46293661   3.84205474]


[ 20.26741699  11.46278812  -2.30516572 -13.96981572  21.72243726
 -41.28937461  26.84411898 -21.11889672   6.74376691  -1.02410076
  -8.91295127   0.47030905   7.84589884]


[ 20.31440981  13.62621538  -7.47686592 -15.44992071  27.99088248
 -59.76491811  34.54839165 -24.92175092   0.50306835   5.37247994
  -7.58492518   8.69069262  13.20859207]


[ 20.33898987  14.13620934  -8.35605685 -15.09227118  30.27462642
 -62.81573359  37.49787101 -24.96002285   2.11681078   8.32730463
 -12.77190438  13.40181173  11.74572849]


[ 20.42702193  12.55988034  -7.04139738 -15.78434231  23.63513193
 -59.45654454  25.20280009 -26.28879076   2.79712763   2.05408869
  -8.75078114  10.102049    16.94358161]


[ 20.48743474  14.38483871  -6.92032607 -16.47826126  29.78561664
 -63.44305239  29.29367083 -28.84662765   2.18448175   2.92037542
 -17.78938598  11.84816401  13.64255749]


[ 20.62085831  15.2451054   -8.17548873 -19.57656002  32.51207935
 -67.87193541  27.89654145 -32.18106479   1.38615184   8.09303212
 -14.25451718  11.37514142  16.14485425]


[ 20.62907813  14.06183459  -8.61755888 -22.95536479  33.82912036
 -64.8387406   24.38985389 -27.97515216   3.98536626   2.63549618
 -12.7147283    6.16641016  18.8612402 ]


[ 20.70043668  11.75849811  -7.18615503 -22.10776316  30.43715045
 -57.08723117  18.05457415 -24.54984049   5.60100527  -3.37542102
  -8.4527075    0.30303946  21.5048904 ]


[ 20.75443628  13.35040445  -5.47758411 -23.47469022  32.51736231
 -57.24140419  19.02924476 -23.34462934   7.60768898  -1.51242576
 -15.43827638   3.18716529  21.81061602]


[ 20.70525887  12.91749467  -6.09496148 -25.47672799  30.04898838
 -52.61675322  17.57661194 -21.83733322   6.71811271  -2.6116729
  -9.47632496   4.15973394  20.2645346 ]


[ 20.55781622  12.49165209  -5.74086026 -25.74934331  31.11885513
 -53.85572518  18.76054595 -24.90864383   5.37199003   3.42807245
 -13.36426112   7.30345961  25.75044312]


[ 20.50004592  14.6496914  -10.39776625 -29.40941522  42.4097234
 -66.56862178  29.17868968 -27.44588237   2.20023664  15.19536547
 -21.4049255   15.54057499  19.86854138]


[ 20.33523334  12.60377907  -9.39624685 -24.23920807  34.79708458
 -57.12109298  24.40344585 -25.02998617   7.44544372   2.44646675
 -10.53618353   4.31383801  17.76645716]


[ 20.05289705  12.85146279  -9.96368028 -18.54042468  34.16178013
 -64.24381395  30.8813376  -24.70052962   3.04963288   8.5046996
  -6.43749979   7.67744076  17.07847931]


[ 20.26287888  10.42092575  -7.91495596 -17.2146037   29.27941784
 -55.46348544  23.89703125 -22.40388201   3.50915889   4.48720678
  -3.05657584  -0.10101122  18.62002332]


[ 19.71457908  14.45669816  -8.63152626 -14.33802059  37.85768725
 -70.18358601  40.35275597 -29.6905808   -3.614648    20.78157531
 -16.4661943   13.78523733   8.79239003]


[ 19.98442651  11.32015619  -5.98238543 -11.28546979  34.39529227
 -57.01738938  24.49308339 -24.35362825  -0.89089824   7.17560671
  -5.01006032  -0.22591931  13.71117087]


[ 19.56273987   9.95565238  -9.1715825  -11.64364802  27.95541265
 -60.50593228  27.16022426 -25.46806193  -3.95121639  14.57764861
  -2.981001     5.51342508  17.96594241]


[ 19.57265659   6.21302377  -2.37312443  -7.07275484  16.89855431
 -50.49481034  11.01323087 -18.36427662  -2.30802621  18.2453384
   6.07606876   4.16169192  21.80895065]


[ 19.34643668   8.93391077  -4.38818688  -6.68893359  20.78712993
 -67.30088216  27.29239793 -19.90088383   0.96503382  36.12933638
  -3.95492224  16.66467008  17.09591872]


[ 19.41082298   7.80870072  -1.78139679  -2.51940881  16.93465479
 -57.78028644  22.80629751 -17.94499304  -3.05578829  22.60338777
  -4.46483274   8.4720894   15.62434008]


[ 19.46393226   8.35828098  -3.754193    -3.90665988  24.01014855
 -70.18993226  30.8994463  -17.92147692 -10.36526776  29.98030522
 -10.30851658  14.00300103  14.7909181 ]


[ 19.48519685  11.16062426  -5.1061447   -3.19514567  32.64778064
 -84.30972131  40.29913839 -29.75653055 -14.05089717  40.05953575
 -27.53147518  28.22058739   3.17178591]


[ 19.23911953   6.81922434  -1.82521667  -0.66840366  16.85669355
 -58.44285036  26.69768922 -19.82034562  -6.79680179  20.79191645
  -4.92554191  12.36782618   8.99462512]


[ 18.7026681    9.95510771  -0.95644445   6.70894933   7.88411145
 -58.50569348  45.4386189   -4.67338456  -6.30440725  32.92668265
 -21.78183184  23.07865608  -8.25577067]


[ 19.1403824    8.1574643   -3.79728863  -2.92363584  16.04773325
 -69.85159619  42.00030677 -11.56356275   8.22964405  26.24434535
 -22.90740455  21.81264434   7.12533927]


[ 19.20811601   9.79515231  -3.23695159  -2.66216756  18.27535901
 -73.94007944  42.39258596 -13.5443882    3.87963753  24.4087632
 -22.10264377  19.36034038   7.48211814]


[ 19.00637466   6.39336252   0.0665137    0.96124845  11.29099484
 -58.28713407  37.91043315  -7.66613191 -10.74912112  19.46577148
 -12.31757802  13.45527597   7.52730668]


[ 19.22227826   6.48508267   0.81228285   7.63708157  -2.16337999
 -56.12004747  43.23739507   4.95222351 -14.03320147  34.31340255
 -18.06615942   3.03130106 -16.42500578]


[ 19.26874244   7.34977036  -0.74786974   6.70001319   0.46372769
 -61.61421606  45.52949467   4.45790319 -13.61099511  34.66299956
 -21.92567874   7.60565768 -17.36238609]


[ 1.91205926e+01  5.51980761e+00 -4.71082090e-02  8.21112523e+00
  9.03643840e-01 -5.15618442e+01  4.46961974e+01  6.87316176e+00
 -1.28085028e+01  2.68319755e+01 -2.20797284e+01  4.62071317e+00
 -1.46122476e+01]


[ 18.64269886   8.11739971  -2.77616714   5.96384672  12.53879919
 -55.14236093  45.41853026  -3.90757416  -8.53375511  23.63935561
 -21.54722557  17.52463096 -14.7857829 ]


[ 18.56092109   6.92770718  -1.92309944   7.0557218   10.68200874
 -50.69740851  41.01327125  -3.31247946  -7.8681387   22.08083153
 -14.35903275  14.62682133 -12.73768467]


[ 18.39998657   9.79264934  -1.63397909   8.33274078   6.90967705
 -53.41672698  33.22687614   3.29750154  -9.41537055  27.59066075
  -8.10303221  12.30478536 -10.67013095]


[ 18.65303889  10.55258133  -4.06071624   4.86063199   7.28932243
 -61.76181938  46.36862935   6.98859666  -5.8997721   32.9768787
  -9.63288491  17.65559618 -15.95442001]


[ 18.63464464   9.6961065   -4.12503552   5.49919873   6.52439526
 -62.7447203   43.79876445   7.53535918  -5.92463162  33.78262175
 -12.20606295  18.15869372 -14.22403411]


[ 18.4624615    6.41410765  -1.99472322   9.16555925   2.81481083
 -44.34270139  33.51660013  12.42587899  -6.0085045   25.69252934
 -15.8449001    5.86204376  -8.58051019]


[ 18.44736939   8.54418025  -6.46278532   6.60230172  13.05397152
 -56.59548339  50.45203848   5.30164704 -10.65660828  32.64014217
 -31.60843269  17.36270661 -16.00102257]


[ 18.33750222   6.73914026  -7.02318512   7.23059415  12.49788897
 -49.1083653   49.42468077  10.6109967   -6.85303562  28.24436649
 -20.23029924  14.76057587 -13.27683347]


[ 17.84732181   7.93027781  -7.312563     4.99519712  11.17606425
 -40.86885109  46.0975647    5.43707616  -3.41430126  24.82056958
 -25.98231347  15.44400847 -11.70808906]


[ 17.93105998  11.00564437  -7.82203039  -0.25375694  25.36401697
 -57.0014073   57.58513634  -4.74758028   2.66066416  25.92656114
 -35.29566248  22.07518248 -14.67866786]


[ 17.71353666   5.28708047  -3.78573938   2.51397975  13.60306697
 -41.62956739  39.37373628   5.7483125    6.07814992  14.02386996
 -11.502927     8.70343295  -3.43813925]


[ 17.81456513   6.83289013  -8.36928034   5.73604513  17.66510668
 -56.58541684  52.78026933   5.07397105  -4.74360596  39.59696926
 -17.44221345  23.97926959  -9.10183801]


[ 17.75873653   6.24993756 -10.4329616    6.7126531   19.92743857
 -59.26173653  59.10036734   9.50983554   0.63416217  46.62149788
 -25.14911406  27.52331223 -18.84905606]


[ 17.63679477   2.99971633  -4.66378417   8.65486861   5.7743219
 -40.9705708   42.19175013  23.76707874   1.96009756  24.42996354
  -4.88846421  10.92834553 -10.81621635]


[ 17.53784372   8.26069418  -5.43266273   7.02309464  11.98026821
 -56.38446687  54.20077994  18.41067122   1.8787879   33.66695007
 -22.49287577  19.9425368  -16.0868357 ]


[ 17.38931889   4.95952085  -4.87435085   8.19561886   7.43547065
 -50.59551224  52.4689622   22.65004059   3.78349865  27.9980579
 -14.51252118  16.17604324 -12.47547076]


[ 17.02852602   9.30425316  -6.43318351  10.85459356  22.44403128
 -61.37965556  59.51309361   9.38605157   0.20821661  39.06796115
 -40.31471465  23.15626075 -19.82504732]


[ 16.92013751   6.35240096  -3.22056625  13.44645445  15.90887727
 -50.57676926  48.61951842  18.3206148   -2.01751289  28.48971879
 -27.97896746   9.44855907 -11.92568451]


[ 16.71212065   5.90786571  -2.8838668   13.36878533  14.46331067
 -50.22641764  52.17192686  20.1791042    1.42784933  29.09906169
 -19.44014869  19.2907262   -8.45671609]


[ 16.32955815   5.26533423  -2.78061551  13.46132094  12.29746655
 -47.39009616  52.98444524  17.31856601  -5.45017228  21.55088908
  -8.14377848  32.63254937  -4.40225808]


[ 16.07795967   6.60915176   0.08042053  15.40198922  10.83660275
 -43.51702338  48.32229926  16.58199863  -8.52792536  23.70119631
  -5.63291752  31.38038586  -4.507936  ]


[ 15.67795941  10.26304147  -3.18071329  12.2642395   18.88836904
 -43.87226789  57.65246067  12.91998586  -4.61446905  28.9710763
 -15.8822464   29.68753981 -17.40627622]


[ 15.50604906   7.55422413  -2.60372296  12.30476341  15.00875802
 -37.90106815  44.79431132  15.03960752  -3.13357101  23.15023847
  -0.92064865  18.0027009   -8.98781322]


[ 1.53366090e+01  3.95588352e+00 -6.36430959e+00  9.56136602e+00
  1.18497522e+01 -3.53829829e+01  3.84962415e+01  1.28474134e+01
 -4.33476459e+00  2.36201172e+01  1.81328505e-02  1.98059481e+01
 -4.04827067e+00]


[ 14.98764356   8.5406445  -12.26508903   4.55270567  24.36959978
 -43.17827765  48.56630083   1.37803594  -6.4938393   26.08790024
 -19.58948254  25.66523847 -12.64050959]


[ 14.94568497   7.8653027  -13.03687845   3.09763688  23.82796339
 -41.96777519  45.03731706  -2.21847296 -10.84211764  23.31668239
 -18.53771704  20.55232015 -13.47160711]


[ 15.1810232    7.57253849 -14.94438135   3.91004581  28.59825808
 -48.4195579   51.34522091  -9.39567078 -10.7321967   31.47632471
 -25.29723489  31.94391761 -19.41144222]


[ 15.32810691   6.1105941  -14.69034424   3.57950299  25.14435738
 -44.28822016  54.26458692  -3.40445162  -9.56669095  28.93986719
 -27.79629874  37.18341892 -16.51716342]


[ 15.61788656   4.61091869 -11.01939219  -2.06053982  21.37185284
 -47.00829128  53.44729672  -7.95647821  -7.39943474  18.03471798
 -19.96604051  27.72898498  -9.27062535]


[ 15.71155155   3.13718006 -11.6656886   -1.32919333  20.05839936
 -48.83733409  49.25890721 -11.26892713  -9.17092856  19.48419532
 -21.61955755  28.27801564  -7.23117612]


[ 15.80963364   0.26738894 -15.14019142  -0.33034381  15.44328892
 -45.07647102  44.57361185  -9.22605757 -18.18307205  18.2336513
 -21.58492485  21.27191465 -10.26227852]


[ 15.83243679  -4.27104935 -18.7684737    0.69013468  12.58629634
 -36.02952296  38.62782283  -0.67766366 -14.21024771  16.19315391
 -20.56825941  12.03499352 -15.38884726]


[ 15.9938438   -3.8378531  -18.48141735   2.89200357  16.76458602
 -41.92583926  41.87681762   1.73885883  -9.0548821   23.37892175
 -19.01978294  16.58445101 -16.8766118 ]


[ 16.13997612  -3.45211106 -18.66279358   1.94752201  14.38350891
 -43.17306447  38.6461843    1.08638222  -6.20614404  33.22795743
 -14.54173791  20.29146908  -8.03520086]


[ 16.18797188   0.32689549 -20.67928698  -0.07246961  21.81564653
 -49.78735219  50.73412504  -6.608782   -11.62044103  39.39836105
 -22.77890356  30.1197662  -14.30178301]


[ 16.06633908  -1.43423195 -19.30965615   1.21599801  16.19262044
 -45.3623624   41.50813425  -8.395968    -8.92895097  35.22350035
 -23.26642642  31.68523687 -13.71117546]


[ 16.25870626  -1.90395493 -20.47506565   0.58566269  16.61423781
 -54.51738756  43.73210951 -11.66888249 -14.79190413  34.67791177
 -33.08705121  36.06544112 -15.32301411]


[ 16.16281868  -1.26938319 -20.90405493  -1.74291925  14.63877946
 -53.90575249  41.57350635 -11.95158827 -16.20867185  32.37563927
 -30.70867445  30.18143312 -15.11099661]


[ 16.10085008  -2.45367277 -17.60998442   0.50894281   8.27843899
 -38.8122738   34.14594596  -4.0827752  -14.40599889  24.4523141
 -19.40899422  17.21883439  -7.17957007]


[ 16.16546263   1.30541566 -20.5923155   -2.12572921  17.34062701
 -51.26864645  51.41929815 -10.62040978 -19.15610967  33.12815478
 -29.56929091  34.71841021 -17.48525229]


[ 16.18199216  -0.41003346 -18.34057248  -0.43135486  11.25974472
 -48.24839892  45.44526584  -4.62258211 -17.72281146  26.09930539
 -21.50744528  27.54723183 -17.94936818]


[ 16.15176549  -3.37191123 -18.15485395   0.55144975   8.54927064
 -44.3629216   38.16222878  -4.69204925 -15.88977579  26.18791519
 -16.43905575  22.11524419 -18.78720071]


[ 15.86779803  -1.53152106 -19.52347712  -0.3093973   13.89132285
 -48.02532753  39.85581074  -9.49751538 -14.65353194  28.1995241
 -24.69806305  27.57433934 -23.3674004 ]


[ 16.10461776  -5.68408807 -21.13869271   0.05701689  12.67229438
 -40.58951272  36.69908732  -2.54908878 -14.69245922  16.67454862
 -18.92043063  16.94306051 -19.03114024]


[ 16.12744597  -3.01437365 -21.26381711   0.61430668  18.74660051
 -41.81128656  46.26129631  -6.51069116 -13.7377019   26.51059863
 -26.99415912  23.31066243 -24.57081914]


[ 16.15018257  -3.73740201 -19.6942774    1.56876755  15.11050223
 -37.6843919   38.2453887   -6.37277802 -13.05049152  23.79225962
 -18.90713011  15.77079317 -20.33663872]


[ 16.01633599  -3.56741908 -21.72479594  -2.46389255  13.87903327
 -38.80055615  35.91182323  -6.34968884 -15.24628426  17.15167968
 -19.36752144  15.44662981 -20.8342535 ]


[ 16.12676711  -0.21913084 -25.01865678  -3.75544586  25.74360225
 -55.03425403  55.20975359  -9.45048723 -14.00876927  31.15615306
 -39.17136241  34.83818475 -29.79639403]


[ 16.05977069  -4.03839366 -20.4216735    1.35730877  17.63058143
 -34.23289887  40.74769695   2.72152617  -7.5362909   21.23447369
 -18.5909078   15.68724695 -14.49137038]


[ 16.00844997  -1.80893568 -20.69010133   0.76695004  20.6678393
 -37.71266775  47.41820089  -1.06144005  -2.55750056  40.21530248
 -14.35708226  31.55783665 -13.34405476]


[ 15.88574477  -1.25188443 -18.61013317   2.06787454  19.24695225
 -33.09161955  40.76496885  -5.33526921  -7.32754768  34.68762418
 -12.69344181  26.84222602 -11.87930529]


[ 15.84027379  -2.38217235 -18.87762432   1.62957139  17.24819314
 -33.26434054  41.19325395  -5.55312323 -13.66115092  25.43722466
 -16.05658642  22.44680503 -16.18115481]


[ 15.79110004  -1.55992551 -20.84931463  -1.40682077  14.85501189
 -48.32277407  45.47490257 -14.27198594 -20.05404703  25.33436102
 -27.49044182  35.44159155 -20.62529042]


[ 15.91948123  -3.47280549 -19.05625037   0.5426284   11.92507633
 -41.80507356  45.99093994  -2.4089518  -15.44998065  26.70801851
 -13.85577488  37.80514716 -10.57309873]


[ 15.99487849  -0.39475735 -18.27437042   2.63654731  20.82427331
 -45.24428538  54.92866071  -2.50468335 -14.09198194  29.41195933
 -18.5641189   46.3349376  -10.87424816]


[ 15.97003391  -2.24084331 -15.27599743   4.35647825  14.9430078
 -33.30003629  38.15788763   0.31860624 -16.17715542  16.71466578
  -6.83427208  27.04555852  -4.9081732 ]


[ 15.91661897  -0.23350886 -16.02406655   2.61749708  14.77722157
 -44.64201385  33.44940206  -5.95305926 -17.17011006  19.7001382
  -7.12680282  28.13707352  -2.96499262]


[ 15.85430485   2.67493431 -16.31743699   3.01895706  21.52355835
 -51.25661629  44.74008526  -7.31130572 -17.25105144  28.42408022
 -14.42953215  36.3744143   -6.07709456]


[ 15.64432357   2.78295358 -14.99063521   2.05920686  15.83823712
 -44.55452791  42.82230366  -3.80267194 -16.86503965  28.82544976
  -9.99995891  32.50691818  -1.90372062]


[ 15.61853194   3.3064525  -13.79199459   2.07288125  12.37959663
 -43.51696775  42.90613804  -1.21713188 -13.14122852  31.41595178
 -10.99178466  32.00688065  -4.29048293]


[ 15.54952554   5.15325263 -17.6632485   -2.71426664  14.66343116
 -58.02957555  46.9072554   -7.81196387 -15.23941649  31.41244964
 -28.40962505  32.24911933 -16.1580824 ]


[ 15.25626513   3.89040389 -13.46059677   2.55413845  12.9958102
 -45.31062956  39.02610757   0.18541786  -7.78890805  26.14162838
 -18.89427467  22.11940281  -7.36662008]


[ 14.88258032   7.87654346 -12.94714069   1.40241955  15.23652289
 -49.13659098  42.46876719  -8.88575785 -12.10240051  33.44442656
 -26.06840569  24.70609146 -14.17922524]


[ 14.54488563   6.55474586 -10.38002029   5.86540282  17.29456534
 -38.40963854  36.95766543 -10.73279577 -12.21969595  33.42737585
 -13.0097866   18.08754062  -8.06386259]


[ 14.01782367  12.97222272 -13.88583686  -1.82765267  23.64134006
 -52.17828399  50.11776627 -15.70504589 -18.78218911  37.38264457
 -17.57134498  21.07256282 -13.30392005]


[ 13.58109202   9.49806666  -7.50345136   3.63496141  17.47752719
 -30.67260351  36.82358889  -6.16506128 -14.61580373  31.17774924
  -0.6956543    6.0260073  -12.92970136]


[ 12.90396891  16.22201478  -6.55640537   2.03143684  24.49641727
 -31.03709321  51.5853196  -10.39972303 -14.60851013  30.63512829
  -9.48045419  24.12255643 -12.91962693]


[ 12.76136469  17.37149936  -1.17429706   3.31409363  22.5604863
 -16.85439937  47.04550127  -3.1022916   -5.71544974  18.06213956
  -8.10264641  25.78929212  -4.3957454 ]


[ 12.89023166  16.68151096   3.36078408   6.95330602  18.69976057
 -11.33744462  26.28911286  -2.59506974   2.27075377  16.59909368
  -0.73142585  16.54445022   0.1408652 ]


[ 13.10184011  16.72345818   2.68911392  11.24532746  26.25106203
 -27.4494229   29.21627819  -0.34274648  13.11882281  25.41862038
  -7.07686106  25.25094636   4.04959827]


[ 13.02284939  14.47307048   3.29152721  12.68176064  23.87094272
 -29.25591293  25.88435957  -1.0967529   14.34003267  27.6936355
  -4.1893662   28.01391905   4.17218383]


[ 12.95846513  13.16585034   1.38398477   9.75272623  21.89915495
 -28.47548431  28.25916789  -0.69483933  13.2715643   26.24261087
  -3.71363901  28.72227423   5.47202985]


[ 12.97200923  12.76738872   3.39028824  10.91279161  21.68234849
 -16.77480182  32.76107372   7.88455732  13.58213359  14.77876569
 -10.96607405  21.54294755   4.61419889]


[ 12.80419157  15.35092105   3.64045827   9.25945517  20.38894618
 -20.91846341  33.71878777   6.3696979   10.92183292  17.96880545
 -13.60222617  18.30579919   4.0291904 ]


[ 12.50567938  15.11877878   1.53064526   5.47248068  18.65771886
 -27.01722526  36.92153003   7.25301058  11.60117052  21.88157092
 -18.17674949  20.28192823   4.11721184]


[ 1.17423326e+01  1.38268510e+01 -8.76813751e-03  3.02396818e+00
  1.57191889e+01 -2.62386161e+01  3.96045728e+01  5.97073704e+00
  1.07973773e+01  2.46753891e+01 -1.06275203e+01  2.56637879e+01
 -7.12307268e-01]


[ 11.80886733  13.14929454   0.20744575   4.2669861   17.83458233
 -23.51828121  41.40043537   3.11459752   7.87990632  23.30609283
 -17.03288045  27.1746349    0.6063119 ]


[ 11.93434046  11.5023728   -2.67062142   1.94182918  15.3775752
 -22.78574894  42.77062817   6.96261804  10.5337278   21.20375088
 -18.13875063  23.01301418   0.26611048]


[ 12.21339144  11.42319418  -0.33370198   3.24897847  12.02187161
 -22.05424518  43.19788398  11.31184008  17.57674715  25.07620731
 -15.77924122  25.96684109   2.00373099]


[ 12.20196546  12.14336425   4.85783757   7.87236388  14.57997165
 -17.79230726  35.41837196   7.28736209  16.10932324  22.47242503
 -14.39914774  18.96900817  -0.17918159]


[ 12.03477806  12.30837041   6.5180493    8.85486129  15.65918625
 -17.21920688  29.63820543   3.45956363  16.95172658  25.06463793
 -12.33155996  15.231069     0.17312359]


[ 12.01435382  10.3308909    2.21012365   7.75322614  22.39088549
 -22.87619572  39.79809987   4.89096158  18.25834626  31.9658779
 -13.37535067  19.60276775   2.10494953]


[ 11.7515157    9.54888034   2.17056605   7.4403405   19.37394609
 -24.30979768  36.11632985   4.35789326  14.84866955  28.55947839
 -10.7780712   24.26730596   3.83583041]


[ 11.84850901  11.42158336   4.02008549   8.20423465  19.57942769
 -21.69382221  36.88427038   4.50843769  12.29414593  26.3864125
  -8.97257692  21.47080573   0.55965904]


[ 11.58298295  10.06411367   4.24042051   7.91676776  19.15704128
 -18.45086453  37.32677886   4.39631301  13.14650135  24.69663732
  -5.64635344  22.81637408  -0.18937228]


[ 11.32376581  10.28069433   5.74259051   9.45193689  21.86763925
 -16.22142727  36.20594935   4.3608781    4.80019012  17.97944464
  -5.59872653  15.4264824   -0.44500478]


[ 10.82987029   7.79588058   4.4020815    8.85102526  21.00428736
 -20.60975361  34.94364857  -1.07785773   3.53774531  14.7535961
 -10.40155211  19.89926169  -1.21552415]


[ 11.07024312   6.81064231   4.68683572   9.73680858  23.04531686
 -19.92000132  34.39611128   1.3306905    8.92998068  23.02957327
  -4.8013428   24.64681714   2.37999054]


[ 11.45836144   4.42181786   4.83771585  12.87631931  23.79964396
 -16.35437437  36.95280759   4.95553022  18.35329242  26.30600498
  -7.61788394  28.85461638   1.56112255]


[ 11.12169906   5.72319637   6.35815083  14.21049659  26.78146816
  -9.27757917  34.77828743  -3.87733836   9.09618774  17.90485916
 -12.26062696  19.56146592  -0.54967278]


[ 10.75593803   6.77022754   7.96630648  13.93518803  23.61329338
  -9.47490886  32.79799292  -2.95392606   8.6550009   16.16381977
 -11.70754797  17.19569259  -3.42206115]


[ 10.16680924   4.60221743   4.09148501  10.56219916  24.36185461
 -16.16159908  37.37577328  -1.60842287   6.28265581  17.11368735
 -14.18316642  18.49170601   1.64140895]


[ 10.23444767   1.91496998   2.34824277  10.54280375  25.05159779
 -14.665971    40.45694805   2.63618811   9.74815661  20.21021485
 -15.71642427  19.94445936   2.64371821]


[ 10.47313906   2.73095553   5.35873951  12.48773931  25.10689377
 -15.96514179  36.7199446    3.45886048  10.67174621  17.54059844
 -10.77349882  19.10362336   3.88636138]


[ 10.26132307   3.58718618   8.38661428  15.51499805  22.64640123
 -19.87285198  28.24824742   1.20352119  12.03924245  21.04844131
  -6.35839236  15.37084395   6.31299388]


[ 10.4661564    7.75476072  10.92621977  16.04837614  20.30682508
 -16.90864715  27.93555484  -2.44732645   4.42368874  14.53392793
  -6.14713411   9.70653281  -0.06592035]


[ 10.92861294   6.7342391   10.79603518  16.65382406  24.34315474
 -15.93792196  30.08446206  -1.06657266   8.06306519  19.40412588
  -2.52900025  13.767386    -2.17508664]


[ 11.18940269   3.01489487   8.0456376   16.08516144  28.58254756
 -17.29612293  36.96228555   4.92469768  16.46639474  26.79740524
  -1.62120841  18.42097752   1.08413304]


[ 10.89909521   1.61339511   8.11657188  16.59423554  31.57373239
 -13.97840391  34.43198867  -1.7456698    9.85572875  24.0221577
  -4.42295606  18.8292507    1.8252037 ]


[  9.76597631   2.15534496   8.94173143  14.69324738  24.69109432
 -14.18195919  32.2207002   -2.99438416   9.6275424   23.09770349
  -3.11202639  15.7216093   -2.65930999]


[  9.61529572  -0.25506736   7.68351293  13.07623338  24.19807034
 -19.56192557  32.75293049  -5.25904196   8.3224192   23.25759148
  -2.40128402  17.56156716  -2.18443585]


[  9.49539326  -2.9297252    6.95770031  15.75111452  29.30175112
 -18.24310523  34.04492095  -3.15285572   6.48959986  21.18182853
  -4.14285067  16.5347681   -5.95710485]


[ 9.34442974e+00  9.84217642e-03  7.83133764e+00  1.17985860e+01
  2.82606139e+01 -1.86391498e+01  3.28928615e+01 -2.59727548e+00
  8.21158291e+00  1.85141308e+01 -8.60876646e+00  1.19690113e+01
 -6.46061469e+00]


[  9.63107954  -0.99600353   8.33706884  11.64373115  27.08968189
 -14.9484507   30.31706196  -5.99939378  11.53009922  18.96646461
  -8.80033648  15.65477458   0.93256639]


[  9.85180239  -2.20059712   7.4468161   10.33931843  26.7006382
 -15.06919735  34.63149179  -3.3140692   11.76292742  23.1354181
  -4.41290404  20.79004222  10.03278201]


[  9.5492392   -0.62226422   2.60402798   6.21174918  23.79871175
 -16.75639915  33.45935356  -1.94010585   8.09767936  24.89795918
 -10.0330479   20.26595928   1.8059553 ]


[  8.40570721   0.14747854   1.37721941   4.87032411  21.38247833
 -14.36441598  29.19811108  -2.77868218   2.46609105  19.10750831
 -13.80226366  14.8877427   -2.9301366 ]


[  7.63361463  -0.90744819  -5.8704829   -1.89341203  11.38491685
 -19.48814151  13.35410521  -9.19559444  -7.91307389   6.89320328
 -25.82429503   6.06220933 -14.5213179 ]


[  4.59266713 -18.94611556 -12.06074988  -5.64118908  -2.15325039
  -1.32285703   7.82111829   1.35279622  -3.6910782    6.10575655
   0.73110748   2.74696959  -3.39669385]


[  4.24768057 -22.64469414 -20.01500847  -8.18736222  -1.86536777
   0.08813641  11.86136607   3.92793453  -5.10927102   8.95514523
  -2.78766343   4.64059659  -3.770597  ]
