

[  3.66052887 -16.91700428 -21.54135198 -10.11429502 -21.25004581
 -10.00904164 -23.339982   -14.70637077 -12.43437138   4.21822586
   0.54480814  14.08772597   4.78778512]


[  0.66361719 -22.1039732  -29.20833398  -5.97788713  -4.82966574
 -15.60393428   2.50664894  -7.88384146  -7.30642318   6.62174055
 -16.10205247  11.30991508 -12.91888839]


[  2.27323903 -23.66202647 -31.10956901 -14.20067077 -15.49971451
 -12.73607515 -13.42692831 -14.29881949 -22.00482682  -1.56713341
   0.52709499   5.33843828  -7.54269062]


[  3.22881459 -23.21382702 -30.97841746 -16.653619   -20.46710098
  -8.69451007 -11.4716676  -14.83512552 -19.29729865   0.41011433
 -10.02608263   0.95863233  -5.01749357]


[  9.73443864  21.17461524 -12.65521319 -36.37161563   0.50951798
  -4.74793704  -5.46163774 -23.83880214  11.67439587 -14.113629
   1.96742816 -12.98418497  -0.19383651]


[ 15.80443678  37.77656163  -6.50621072 -44.00132489  12.92482993
 -11.40034867  13.12461157 -18.98509425  16.81486113 -29.64876479
 -11.37913314 -27.14407643   7.01254288]


[ 16.52847296  46.59577122  -8.34950708 -60.90582663  20.73072297
 -19.47034228   6.18630138 -26.12935414  23.80934296 -45.77234786
  -1.52358388 -28.31129505   6.65826113]


[ 1.68894066e+01  2.75508983e+01 -9.14616697e+00 -4.51521438e+01
 -1.64883512e+01 -1.89772497e+01  5.93480428e-03 -2.53528603e+01
  9.83220631e-01 -2.39978464e+01 -9.13363276e+00 -2.82158159e+01
  6.45551585e+00]


[ 16.82571203  33.41220059  -6.76714626 -51.1925678  -16.91043979
 -17.8916088    6.12301061 -29.0655123    3.04889431 -25.49070989
  -4.15206401 -30.64162253   9.80006056]


[ 16.77173857  35.76925564  -2.91848321 -47.93957449 -12.67094088
 -13.32051429  16.40915379 -19.48746876   7.38258162 -25.62906845
  -1.13819402 -25.97399967  12.48607499]


[ 16.60225287  29.24974861  -3.63297289 -41.31929098 -16.77381842
 -10.49061336  16.01378369 -15.91574878  -1.64074126 -24.22985461
  -1.49967395 -21.18498243   7.42180225]


[ 16.33345176  28.6033278   -6.815654   -46.8501404  -20.72529882
 -12.84122018   8.47790244 -29.09741977  -9.79931892 -27.20230128
  -0.8462749  -24.40066873   6.709553  ]


[ 16.2279952   25.36881653  -7.94220032 -40.91621467 -14.21487126
  -9.03797465   5.65961607 -29.75529132 -11.74859739 -22.43426035
   0.27448798 -20.71807145   5.65234006]


[ 16.17287009  31.70449594  -3.51360495 -39.35806681  -6.37356453
  -3.60850466  11.67473098 -32.29133263  -8.20847318 -20.96470416
   5.54011063 -26.15038603   2.49920297]


[ 16.17061972  31.4903316   -2.1422154  -38.49214666  -7.73063485
  -5.47849373   8.76858585 -31.87914522  -6.93544564 -18.3106111
   5.51178659 -26.16231448   1.02021704]


[ 16.12812748  30.53944497  -5.3238873  -40.78774002  -8.22621008
  -9.49287035   3.67829335 -32.69712479  -4.4842852  -17.15824643
   5.75709227 -24.32373005   4.27578432]


[ 16.00020183  38.08602089  -6.79561898 -50.2557249   -4.99864522
 -13.65280987   3.10039001 -41.43934555   0.72894881 -24.48882179
   6.01746752 -31.28780136   5.07737765]


[ 16.04209801  24.60813715  -7.53813766 -34.58168039  -9.49599045
  -9.86666646   1.35189111 -25.66433295  -1.45181706 -12.40879641
   0.11686671 -27.33442992  -3.64667595]


[ 16.30614875  36.08120103  -4.64076371 -47.87404006  -7.66110992
  -8.30061743  15.03570412 -25.42489039   9.81911458 -16.40859586
   7.3703167  -34.47928469  -0.23685505]


[ 16.39050865  33.46729776  -9.50536774 -53.85327248 -11.21043085
 -12.74817668  14.13123599 -25.92630149   9.08842109 -19.06377252
   4.93957359 -34.30361477   1.33740496]


[ 16.40679661  28.17760064  -6.10628989 -43.97950732 -17.60904266
 -11.20682283   9.54392214 -23.78167258  -0.66471293 -16.84349872
   1.30337077 -27.35720685   1.53853985]


[ 16.51534458  39.18283551  -1.40239643 -46.49602822  -5.50743458
 -12.2346199    9.46020392 -31.35942663   3.90362748 -21.71911429
   3.47387991 -31.82901943   3.392504  ]


[ 16.69028513  42.91829975   1.673301   -43.86666093  -2.03386579
 -13.79763638   7.28381518 -31.77131764   6.24928957 -24.81054734
   1.81313631 -34.06257854   1.97743002]


[ 16.88737828  27.96086686   1.11977491 -26.87781677 -12.45628921
 -12.49551052   2.05934939 -19.69858096  -6.07344607 -20.68541288
  -9.32698492 -27.16914978  -4.02174098]


[ 16.9466945   31.90069863   1.72910765 -30.89091558 -11.94806495
 -12.47188941   2.35710142 -26.82058142  -5.96744887 -20.51472626
  -4.41492601 -33.43691587  -5.65082125]


[ 16.89675974  42.33437806   3.33078927 -40.38257312   0.56165572
 -13.07786653   5.89521004 -37.31775974  -2.41828479 -23.60901459
   3.27697933 -34.00309405  -1.73297047]


[ 16.86610653  32.88111389   3.18794151 -30.03886869  -6.80397041
  -9.87970325  -0.17961553 -33.37423099  -8.30344515 -19.0292491
  -1.66122088 -31.98345907  -5.31386992]


[ 16.89637735  32.93880972   3.26545346 -33.30111435  -8.7122087
  -9.29731374   1.38482016 -37.4417223  -10.3736413  -18.07515793
   1.2511499  -34.80695315  -7.08625377]


[ 16.93308166  32.41548365  -0.17745806 -31.84207622  -3.34690371
  -8.41194201  -1.68016633 -38.55671502  -5.73896174 -18.88686787
  -1.96165941 -38.83250327  -4.39419803]


[ 16.96926556  27.24067941   0.10118949 -25.81251355  -1.90748967
  -5.91609415  -2.12209479 -36.79124133 -11.37511685 -17.43035287
  -2.73084052 -34.55358614  -7.97455433]


[ 16.980396    24.77689322   0.29445445 -22.0547416   -3.23360415
  -8.14290163  -6.96903169 -37.8109319  -16.71695261 -18.47343085
  -4.39400135 -30.18503629  -7.16986635]


[ 17.01012533  29.76588674   4.09477916 -23.85247423  -5.73663004
  -9.61901265  -6.73044615 -38.723012   -16.12431498 -19.52848322
  -4.1581721  -29.52284958  -3.99196518]


[ 17.00835856  31.2883083    5.84505689 -23.05329267  -6.4978436
 -10.76257793  -7.30145362 -38.1815965  -15.86123029 -20.72624538
  -5.05727272 -28.36734571  -3.94517736]


[ 16.93337077  25.56954932   2.5642097  -17.63652144  -2.4108487
  -8.22989988  -9.85888982 -37.72544621 -18.64013542 -20.01346336
  -6.76186667 -27.4636271   -6.18848187]


[ 16.80362996  26.56432775   3.62621049 -14.13642106   5.29243026
  -4.08385136 -10.06812244 -42.17821034 -17.31627736 -17.34337618
  -1.00682566 -28.77613805  -7.25647661]


[ 16.66210406  36.23654174   4.86106575 -23.07232064  16.0733784
  -3.5090204   -6.01031246 -49.99440957  -5.61762235 -15.40223626
   6.35490295 -36.13991267  -7.46812159]


[ 16.53265178  39.97897061   6.70600837 -30.57622191  10.28289942
  -5.33407871  -4.77143076 -52.1928027   -5.38810937 -17.02281346
  13.03665114 -34.05726479  -8.90698486]


[ 16.38684867  25.05858854   0.5749052  -18.23897992  -2.80575089
 -10.86388381 -14.45995116 -41.0971098  -18.58273864 -17.24600948
  -1.97792671 -25.80538403  -8.99959669]


[ 16.37762187  26.33397975   2.41048676 -19.092095    -1.04213516
  -8.30182187 -11.74406158 -45.39365044 -22.47473299 -18.53113278
   1.82489642 -24.25342451  -7.94378669]


[ 16.27574799  43.73074662   7.00726649 -36.77158625  13.62850807
  -6.74977454  -9.39012455 -61.94384589  -6.31911171 -22.10380093
  13.00257035 -28.06372198  -2.33824459]


[ 15.93428119  32.94436079   4.54468805 -23.50604131   5.34173126
  -8.46387759 -10.71113034 -49.66656495 -13.85022094 -15.12095029
   7.37953092 -25.88490398  -3.00137529]


[ 15.2884789   29.87261953   2.24005637 -27.06482116  -2.71641445
 -12.0530285  -13.89017051 -52.68488039 -20.22224294 -18.72160094
   5.34539459 -26.35087718  -6.34884939]


[ 14.61988471  37.00197854   1.7428076  -36.14999326  -1.08160155
  -8.82062696  -5.31363014 -44.71397562  -6.27356756 -18.83433881
   9.78054498 -22.60154121   2.67417129]


[ 14.37912484  34.56469385  -1.36756993 -39.78909592  -6.26256743
 -13.64329331  -7.88585458 -46.56892461 -11.56662409 -23.82731433
   5.11983809 -24.2920624    1.42948945]


[ 14.26097659  28.28325596  -1.9430903  -31.71895081  -7.71416037
  -9.28656344  -5.22260028 -41.32201632 -15.32570152 -19.38774341
   2.31840759 -26.24233176  -3.19217636]


[ 13.83343987  36.72351323   0.98534371 -40.67895755   4.79687771
  -0.91241653   0.64154404 -47.02571174  -3.28507861 -15.91372423
  15.48678562 -34.00520986  -4.2135015 ]


[ 13.55279261  27.55537137  -5.81008148 -33.84348856   2.71829094
  -4.95818286  -1.55764086 -41.63732741   3.75877403  -2.33049493
  20.50487295 -28.61118227  -4.69039265]


[ 13.57359997  30.36012732  -5.64060301 -36.78706442   2.29280754
  -8.05261564  -5.09648659 -48.8508515    3.59615389  -4.16802916
  23.91367655 -25.72085391  -0.05834244]


[ 13.93807893  32.05272811  -3.96867043 -39.36523178   6.09882136
 -10.90893488  -9.96121493 -55.7499728    1.06821396  -5.30327155
  23.38691448 -24.79754316  -0.26621726]


[ 14.37293379  29.2320008   -4.77923362 -38.35803013   9.66911897
 -10.17262437 -11.42847273 -63.28242761  -5.12467345  -5.2877532
  26.6639006  -28.22150502  -1.72036075]


[ 14.40695494  26.60935869  -7.25156595 -35.02121789   8.23225735
  -9.04919835 -14.21703035 -66.14410099 -11.33578804 -10.19023764
  25.43854458 -25.79679851   1.30135917]


[ 14.08228664  21.88023443  -8.29567251 -28.32622643   4.22993566
  -9.36945219 -14.97452514 -53.81455808  -9.71266683  -7.54178578
  16.1302549  -23.86121546   1.35926491]


[ 13.67231098  35.29504701  -2.42919802 -45.9361681    4.91415587
  -8.58569667 -17.52302247 -57.48786114   1.72865945 -19.21928476
  19.13979854 -23.1415377    2.41196633]


[ 13.56982177  26.40066341  -4.67242353 -30.65890828   0.8302468
 -13.78141352 -16.76065804 -50.5674008   -9.27764295  -8.44322704
  16.28732186 -16.086101     2.09947547]


[ 13.72757154  31.52303429  -2.82202139 -36.1143611    5.23114478
 -14.62795755 -20.94317313 -57.91390494  -2.0210254   -8.04169923
  19.56196246 -19.93782895   2.96922352]


[ 13.53351435  28.09876571  -2.47641209 -31.11771844   3.95198259
 -10.74376295 -14.94655032 -54.78153437 -10.67724021  -8.79466835
  18.92050543 -16.11118273  -0.97045418]


[ 13.23684886  26.68258716  -2.90175107 -28.87085596   2.94990345
 -11.57605464 -14.63277714 -50.5621055  -11.10433731 -10.42913575
  17.09982483 -17.31608238  -6.4812038 ]


[ 12.90212137  33.35308384  -0.89107243 -37.41223458  11.10432018
  -7.46983324 -15.30410176 -53.54658953   1.59389509 -13.08188968
  16.34511049 -24.35219051  -9.16336961]


[ 12.76306724  23.8793523   -2.74153313 -22.78378424   6.4400211
 -10.40733554 -18.44747654 -47.90058346  -4.34982419   2.20116426
  21.04837658 -18.76022384 -10.77581392]


[ 1.29866375e+01  2.83420544e+01 -1.09590822e-02 -2.41109804e+01
  1.26234491e+01 -6.82883319e+00 -1.47405789e+01 -5.32036623e+01
 -3.62863759e+00 -4.03785112e-01  2.38015891e+01 -2.00221949e+01
 -5.84941791e+00]


[ 13.27157356  27.64205105  -1.00943371 -29.17914879   5.35452137
  -6.43275819 -13.56083975 -59.40063359  -9.34276945  -5.05617599
  22.85605057 -24.31131532  -4.11628155]


[ 13.24363217  33.224001     1.85695135 -33.0269128    7.21731066
  -5.86323994 -16.51933063 -60.2117829   -1.99310104  -5.050009
  23.96982854 -27.21040544  -5.45456037]


[ 13.01780154  28.54323271   0.58038889 -24.78414406   4.35115865
  -7.73880369 -14.92831858 -50.16002613  -5.04780693  -4.36953247
  16.29650232 -25.7578764   -4.69414729]


[ 13.12728489  34.51050438   3.39212099 -32.12191866   7.68955616
  -2.15751597 -12.73772712 -51.84374269   1.12572087  -7.73236351
  21.64365732 -22.86340423  -1.99358557]


[ 13.08526431  34.09345501   1.02747109 -38.16364425   9.0087205
  -2.96151951 -14.80803267 -55.82463871   4.59920975  -7.61644004
  26.07822457 -19.52745117   0.7636749 ]


[ 1.28804637e+01  2.71752026e+01 -3.53551301e+00 -2.96005024e+01
  4.98067523e+00 -6.01589051e+00 -8.84096898e+00 -4.46395663e+01
  6.98543660e-01 -1.60657161e+00  2.37077850e+01 -1.67665567e+01
 -4.25643547e-02]


[ 12.62709468  32.76379317  -0.7054213  -35.48456311  10.14735361
  -3.48698222  -8.95498672 -44.97580229   8.72789824  -8.36142603
  19.19866299 -18.04972173  -2.17250598]


[ 12.75910101  33.81814853   0.9815135  -34.28063272   8.79984619
  -1.86978412  -8.64085282 -46.58554681   5.68176209  -7.65939829
  19.72812451 -19.35573063   0.87111582]


[ 12.6593172   24.83541971  -2.63845917 -24.95139097   4.72222632
  -4.92222444 -10.69194097 -42.48528205  -5.11628033  -4.27659482
  15.41954897 -17.54241968  -0.05185661]


[ 12.08992209  30.91654432   0.41759762 -31.10213539   4.90977851
   0.70621586  -6.31311345 -43.83866355   0.43331065  -5.25214219
  20.64357859 -17.0279562   -1.62707812]


[ 11.6655006   27.83687613   0.32399138 -25.91211581   4.42852333
   1.26622192 -10.34846465 -46.94242355  -8.18266119  -6.45839632
  17.46837777 -15.58911118  -0.3315037 ]


[ 11.04810918  24.42650159  -4.34335487 -28.50628971   2.05070375
  -3.35468175 -11.3780178  -40.20313595  -1.66887266  -5.20207825
  11.85505193 -18.09782618   1.63848457]


[ 10.67726886  22.48759475  -5.10034268 -29.79248862   1.09336945
  -2.15437487 -14.98819525 -41.46049821  -0.36170004  -4.34004727
  16.88951357 -16.02105765   2.38516131]


[ 10.26259842  19.3682168   -7.84635605 -28.14079281   1.07424875
  -1.18178801 -12.20257306 -33.69383701   4.45813573  -1.56657616
  15.88437714 -14.72368933   3.88898369]


[  9.5579082   19.86469384  -4.28771513 -20.51162167   5.15647887
   4.28308359  -8.78946202 -22.77203544   9.00619883  -0.10531532
  12.80251956  -6.44456646   4.38530423]


[  9.57005315  19.9823448   -3.66226466 -22.87587318   5.05185962
   8.22589966 -11.0725732  -25.09135064  12.33431846   0.63878498
  13.49333922  -4.33992698   4.63653897]


[  9.52198506  19.89354271  -2.7767466  -17.00455096   5.97192618
   6.0967321   -6.61712477 -16.99892942  11.20044308   1.84728589
  12.17844353  -2.50500418   7.26897317]


[  9.20560571  20.51937319  -2.07821686 -17.72877707   5.59041784
   6.92413748  -7.59689544 -16.93748003  11.58357547  -1.92706656
   8.25411136   7.17373287  14.14027985]


[  8.89765456  17.42200014  -4.8886951  -17.59935759   9.60263609
   8.53472048  -8.55869719 -19.89639085  11.7038225   -0.13328437
   8.75701712   9.6696425   13.37398762]


[  8.83804054  15.66696485  -6.69851977 -17.83170088   9.72990987
   5.36762608 -12.78474864 -23.42198282  10.82712705   1.74326823
  14.32780861   7.9127987   13.59645684]


[  8.74573575  15.6226795   -5.4851481  -17.27182555   6.77434891
   6.45112375 -12.42883225 -19.95844899  13.15912807   5.34156172
  16.7325808    4.861782     9.59973187]


[  8.41410362  13.54310822  -6.48609143 -16.56003181   5.98193507
  10.05456481  -9.65656579 -18.87724122   7.63932122   0.48016829
  13.86129737   3.74934991   7.36268019]


[  8.42123725  15.14375393  -3.7335985  -13.51541051   4.76420298
   9.65434177  -9.64663928 -17.97260446   6.5289063    0.72367126
  10.39713543   6.52695619  16.18442351]


[  8.28650158  15.27835172  -2.8800991  -11.90294526   7.46477471
  11.8786006   -8.42325061 -17.37373033   7.34805074  -3.51871748
   2.01221727   6.23592031  20.88080789]


[  8.22279967  15.22963166  -2.87750726 -12.03000332   5.06927464
   8.09974688  -6.35812794 -12.34350274  11.86217334  -1.27190215
  -3.20848747   2.62175718  18.64931978]


[ 8.09921066 14.34372329 -2.49504498 -8.86675586  6.62136806 10.91516393
 -3.14133472 -6.14494502 17.29547756  5.62346417  1.72712052  1.63619655
 11.27801307]


[ 8.11587182 13.70511776 -2.54363818 -7.74324416  8.86369664 10.63567808
 -4.81809776 -5.20893703 18.57879846  4.58194682  1.05276595  0.54752435
 10.61451483]


[  7.90747564  11.00856678  -6.33318171 -11.77611987   6.26793297
   9.73224271  -6.4758026   -6.47074144  17.89706951   4.6439927
   5.47813228   4.9712085   12.32078572]


[  7.97531019  10.40006872  -7.40311043 -11.98955164  10.94233258
  16.62868316   1.59396615  -3.70274612  19.77388851   5.55179032
   3.1714912   -2.52649331   4.53917688]


[  8.20433737  11.26487101  -8.4964107  -12.733651    12.80297163
  10.37041786  -1.36089426  -4.74782359  20.41210119   5.38318127
   7.36226921   0.48579774   6.35449906]


[  8.18902094  12.61826947  -6.59535953 -10.63659041  10.87230394
   8.04379551  -2.54513724  -6.72087711  16.62433177   3.90856417
   6.20619785   3.88642748   7.60593024]


[  7.98868428  12.76643617  -5.41427534 -10.29810351   9.9401865
   8.44551231  -4.85647084  -9.41535515  14.75770066   1.43036482
   2.62679454   8.11354879  11.49981239]


[  7.68029541  10.90870997  -7.06479198 -14.18162141   0.29982469
   4.4005855   -8.91988826  -8.3622071   12.39884706  -3.45530219
  -3.08733812   4.66050336   6.69118344]


[  7.57299707   9.68089333  -7.64088315 -14.20064779   0.75002893
   9.59956548  -3.39437964  -2.49295031  18.62471439   5.58404366
   3.25980981   6.80140011  11.42593455]


[  7.58760689   9.11675933  -6.33192798 -11.20337101   0.19545172
   4.06703973 -12.24812735  -4.46004128  16.66898672   2.28352566
   3.40877947   7.64791197  16.38855181]


[  7.62495066   9.9410084   -3.91052137  -6.27347846   9.06458673
  12.25172047 -10.48988959  -8.06095008  15.17005655   3.7258602
   5.6900905    5.37759139  12.70252251]


[ 7.87342821 11.02723707 -5.28441765 -8.31309073 11.80507168 15.49248707
 -3.00930625 -7.38774578 14.81756451  5.14989366  9.62841407  7.54216601
 15.86508562]


[  8.0880093   12.42297385  -5.90915839 -10.13738109  12.7718426
  15.06531461   1.27869401  -6.79583482  16.23133526   6.5537343
  11.72119468  12.86562707  14.81928666]


[  7.81914499  10.44820569  -8.14754994 -11.77767314   9.62095088
  11.31640262  -1.90711745  -7.00419524  14.60359803   6.69979133
  13.95817157  14.90563343  17.6058796 ]


[  7.58357833   8.33294812  -8.31914038 -11.37941072   6.87168212
  12.15560556  -4.23139767  -4.6165326   18.20170339   6.53035766
   8.01764451  10.51419242  14.05054049]


[  7.55364522   7.5473931   -9.67061825 -14.00575046   6.02166863
  11.40141963  -5.31027969  -5.29803891  16.7380674    0.88524813
   2.40635013   3.21907278  11.46652985]


[  7.56798272   7.26669459 -10.36063102 -13.80702718  10.68100552
  12.57143905  -5.731848    -6.460275    17.45564671  -1.67926892
   1.71269878   3.69396223  11.58275861]


[  7.64870865   8.36446069  -9.42945636 -12.51918785  10.26455257
   8.10675162  -5.5492365   -6.92354869  20.87080352   4.10288778
   2.03236362   7.33666565  11.01545921]


[  7.74884113  10.90040329  -5.76037363 -10.12340609   7.47682765
   9.16147632  -6.25280583  -6.35412065  17.43829437   2.45242093
   3.04452032   9.00513411  12.62267122]


[ 7.7900471  11.27080398 -4.14088457 -7.58547211  7.78772073  7.79623356
 -6.17027669 -0.93570455 18.18612463  0.34452699  3.16251869  9.35750319
 13.91999991]


[ 7.87534822 11.0110084  -4.83690797 -7.38307962 11.21905467 10.33900736
 -7.37602301 -6.94939993 16.84629457  3.42456277  6.67945064  9.51002628
 13.81909002]


[ 7.76003763 10.8646387  -3.25092569 -4.88599095 11.45051144 10.87408236
 -9.11083892 -9.12451261 15.20194977  3.44185354  4.15529199 10.51467651
 15.1708331 ]


[ 7.88313434 12.11919819 -3.41161299 -6.12866422 13.28889091 12.12805049
 -7.17483377 -5.14771837 16.65770508 -0.63824751  5.47859303  9.56603358
 12.64437555]


[ 7.96881979 11.91993982 -3.97254944 -6.76112376 14.66742955 16.10874638
 -1.92837395 -1.96788192 16.71907334 -3.31091835  2.22902266  6.89974175
 14.16163726]


[ 8.02604667 12.37743787 -4.84153017 -7.57381749 13.47738306 12.28127143
 -2.68129336 -3.3955074  19.03213808  4.30456275  8.54686378  7.19223182
 12.67092332]


[ 7.71544678 11.36232995 -4.47324478 -7.14493635 10.94666172  9.4880685
 -6.98160759 -8.12884868 17.83298602  5.85099738  4.15370668  6.5607729
 10.33873411]


[  7.65437049  10.18125613  -5.01547105  -7.21585613  11.1733056
   7.84224251 -11.24324764  -9.73978807  20.643143     8.18454306
   5.04915704   4.82497093   6.84535173]


[ 7.72935041 10.71336226 -3.46683776 -4.70765243 11.79288873 12.20521149
 -5.91512162 -7.00435521 17.65174242  7.47204684  4.52599772  6.88485267
  6.84150967]


[ 7.98929412 10.08177023 -3.59302332 -3.1874069  15.66780252 13.57628521
 -6.03095021 -7.86332285 18.68653036  8.47417672  7.66724743  8.4646227
  8.44971022]


[ 8.03224315 10.94132414 -4.27426924 -5.04270964 14.42922117 12.13921981
 -5.4998189  -8.91306996 17.25570685 10.21774595 11.63971901 10.67166971
 15.45386959]


[ 7.99389784 12.0100273  -4.66674698 -7.19771361 12.20257779  9.50763138
 -5.84815903 -7.81816706 13.81655254  3.10738614  8.69900085  7.62135755
 11.10612938]


[  9.50985585  19.1432628   -7.74247761 -27.13775378   5.96719607
  15.38750185   8.71750924 -14.18451329  12.78273304  -4.84187345
   3.70152749  -8.67393804   2.45418428]


[ 10.90642849  17.29975275 -11.64670998 -29.13919873   0.99375607
   3.12901614   5.15896348 -18.73367916   2.85158532  -6.44308186
   3.7038568  -14.18010971   5.01800081]


[ 13.28115007  21.21784682  -7.82402938 -27.03762648  -4.68279029
  -5.56034769  -4.31192075 -30.09682557  -4.09878592  -7.32068436
   6.23395734 -19.40587117   0.86590456]


[ 14.67649955  43.7284477    2.17707084 -47.31875358   9.90499055
  -3.66816894  -4.04614986 -46.2783503    9.64135093 -21.84889532
  20.1874035  -17.74345297  12.00789109]


[ 15.54205789  43.24001731   2.86861531 -42.88989533   5.66997871
 -11.05825188  -4.33607652 -51.18628782  -1.66405089 -20.88337795
  19.17727945 -19.08691207   9.88555144]


[ 16.01282056  29.04873444   1.6807277  -22.28975926  -3.52107836
 -11.69196511 -11.91010227 -39.74615617 -14.24559318 -13.68444892
  10.5478311   -7.89768615  10.76779389]


[ 16.0982483   39.15836502   5.11416431 -29.38268484   2.05227947
 -16.02405383 -11.01622256 -41.98873654  -5.96657085 -20.26306632
  11.31888264  -8.92346034  13.30872145]


[ 15.73618039  42.93366602   5.17815458 -34.55978482   3.08943037
 -13.8642467   -8.9342126  -46.2598344   -2.86675206 -22.73419718
  13.77090644 -13.31100625  12.79718176]


[ 15.11137529  25.79649337  -0.29596304 -23.73759076  -9.9187655
 -15.22915326 -13.04864071 -35.76924112 -14.51135015 -11.74192968
   8.50914896  -6.64791955   6.51718632]


[ 14.4529175   36.77193226   0.4418659  -36.79248682   3.69807712
  -8.71533601  -7.41539678 -46.16377204  -7.34935502 -23.37464683
  13.46112701 -10.8402176    8.55451674]


[ 13.65139007  29.16367      2.20835861 -22.50078286   2.54990375
  -4.56963511  -7.43445912 -39.71395107  -9.34370022  -9.77230832
  11.52726303 -13.67579918   4.00917165]


[ 12.03245424  27.33948788  -6.28687838 -36.08661803   6.2684725
  -5.89684763 -14.49414553 -45.97761369  -1.68017842 -15.15848405
  14.55781064 -15.1957991    2.572687  ]


[ 11.77585621  26.82946379  -2.54645706 -27.16734273   9.10638099
  -2.50049031  -7.7562592  -39.23928409   1.65645007  -6.49336928
  16.19227786 -15.16257167  -1.03947667]


[ 11.52497409  28.93031729   0.55739801 -28.92629733   5.67374007
   1.05517188 -11.14523972 -36.86522073   6.5879674   -6.88861514
  17.22094605  -8.34267295   6.63057667]


[ 11.234937    26.52119012  -1.17962694 -26.07413103   5.32708154
   1.69920365 -10.02141335 -32.36406212   7.05487666  -3.25222106
  19.90049034  -3.69657412  14.55684295]


[ 10.89004427  27.59876001   1.99987323 -22.53072386   6.0385038
   6.62570604 -12.16931051 -28.04237334   7.96454888  -7.22630746
  14.3467564   -0.48733514  14.50988284]


[ 10.52434892  23.74647933  -1.34536801 -22.74616688   6.30069796
   7.06665653  -9.95615216 -29.61042724   7.501265    -0.52916639
  19.14671451   3.13077999  18.10643216]


[ 10.11328723  22.95918202  -1.15149151 -20.43446733   7.11186053
   9.3701282   -4.14745499 -25.38650661   6.39166479  -1.01374983
  18.21771573   0.66917719  11.89108563]


[ 10.28251868  22.60566998  -2.00010936 -23.90670568  11.57790775
  16.20434434  -1.24352826 -32.93591504   1.9468246   -3.99425213
  19.96709137  -2.49360669  10.89039262]


[ 10.40488095  21.80986015  -4.7778623  -26.25762253  11.07884306
  13.92137385   2.06794008 -33.98615877   1.15488017  -1.96446519
  24.2609056    1.15810955  14.18377022]


[ 10.36849245  21.21301425  -5.25086625 -25.36608617  11.026161
  14.74776506   5.83367474 -30.07068515   0.5005774    0.79909113
  29.19119672   2.45430154  13.69609666]


[ 10.17733981  20.55077307  -6.43692883 -27.77897289   9.75355111
  16.21927728   6.57582726 -28.25711824   4.83944926   0.84933428
  26.53054364   7.0216845   17.17551747]


[ 10.29424821  21.42252603  -5.44371556 -27.34010545  11.35893751
  16.27169526   3.7096264  -33.5039841    2.70738264  -1.67502975
  21.41308592  -1.76117002  14.97281636]


[ 10.7565149   22.49074605  -4.89761282 -28.8501963    9.52924291
  13.0780936    4.26138603 -33.09111542   1.6026676    0.27235055
  23.38272358  -4.37237881  16.28869118]


[ 10.8883139   23.99609855  -4.34318444 -30.85005739   6.85305071
  17.00209159   7.84944827 -34.3959908    2.88317018   0.71527081
  26.63154102  -7.36076404  17.92840328]


[ 1.09962228e+01  2.23585550e+01 -5.84610162e+00 -2.97902712e+01
  9.15306455e+00  1.85378870e+01  7.85462001e+00 -3.41367013e+01
  1.38075661e-02 -2.87450891e+00  2.82218671e+01 -4.21452184e+00
  1.60138228e+01]


[ 10.84584587  19.37557861  -8.05871096 -28.32492054  11.15234887
  15.26215831   7.78195302 -29.52399079   3.44263943   0.26823728
  28.0763048    0.62843236  10.54627534]


[ 10.5879303   21.60611374  -6.44375544 -31.41651517  11.67555951
  17.79395471   1.52742627 -29.29893609  10.84184272  -3.62549089
  25.11111377  -1.9486578    8.17426816]


[ 10.37100041  20.21192336  -7.2234776  -27.92900888  11.67336711
  16.29793582   3.43850387 -26.9081192    9.70966245  -0.08514011
  21.61921253  -2.77946888  10.71980263]


[ 10.53284099  19.53352284  -8.03192858 -26.48358786  10.77663384
  14.05996997   7.04714101 -25.85096304   7.20864786  -0.5043851
  19.49725042  -3.15192909   7.00827626]


[ 10.48861728  22.07947802  -5.09968027 -26.10846176  10.94780645
  16.48072478   5.49366199 -25.98476296   7.82212603  -5.12179584
  15.81494159  -3.47656123  11.50279351]


[ 10.94948321  21.02815134  -5.76647836 -27.32349767  16.0522152
  16.13264106   2.60270035 -31.72264582   9.00371629   0.40645988
  27.17818622  -7.61960776  10.29961053]


[ 10.94282372  19.9417889   -6.7810054  -26.15911985  17.99933267
  19.4625529    5.72878462 -31.5341843    9.01930625   0.77749195
  29.34250329  -6.43144218   9.8311536 ]


[ 10.88322169  20.08035782  -6.78241592 -25.4497689   19.93543987
  20.85625174   8.73267216 -28.87973263   7.90064799  -2.93793214
  23.71735438  -5.88098565   6.3641828 ]


[ 10.99907391  21.66939736  -6.00322422 -27.53866192  16.6010655
  20.00045504  10.65551489 -25.68895125   9.50855502  -1.24533521
  23.62692619  -9.05912506   7.34336987]


[ 11.29613755  20.96688605  -7.36911105 -29.94653324  17.49850213
  21.19139371  15.07553563 -26.70625052  10.36116711   2.28718028
  24.08562317 -15.12422925   4.36300957]


[ 11.15778028  19.00785699  -8.39423816 -31.55431049  14.12000686
  24.6998022   16.1799605  -28.64274474  10.1749706    4.96813311
  23.0008829  -18.7568822    0.46495215]


[ 11.28667071  18.94225449 -10.37218307 -31.0824964   12.94050588
  18.23959766  12.1046093  -30.46492446   6.81932035   0.18794086
  25.36719036 -16.93938226  -3.48445276]


[ 1.11676967e+01  2.04825938e+01 -8.20991371e+00 -2.92827206e+01
  1.09537306e+01  1.04487036e+01  2.89334046e+00 -3.89007982e+01
  2.79603226e+00 -3.49915943e+00  1.69938937e+01 -1.41911631e+01
 -2.06449126e-02]


[ 10.93491669  21.06625016  -8.24483459 -27.85158937   7.98144544
   7.32867816  -2.19868954 -35.51010858  -1.19350017  -7.97364246
  17.02190574 -12.59040217   4.24681626]


[ 11.06015289  21.85310535  -5.4511121  -26.63857433   6.79440005
   7.76595874  -0.51806558 -36.59603776  -5.42480262  -8.20767664
  18.73294413 -15.76932713  -0.32364581]


[ 1.09040498e+01  2.40555592e+01 -3.09518335e+00 -3.06995055e+01
  8.44339596e+00  1.67209616e+01 -4.72519533e-01 -3.43945698e+01
 -1.99972979e-03 -1.35192628e+01  1.79090595e+01 -1.90284891e+01
  2.73459282e+00]


[ 10.60117811  22.15267153  -5.19149985 -29.00233163   7.57318743
  14.48846938   6.23856176 -25.58967761   9.83144938  -1.18026178
  12.54432005 -19.10190041  -0.17224117]


[ 11.26779948  23.30287743  -6.23754675 -33.4234659   13.97140739
  16.2381063    6.43269184 -31.12907708  14.75380314   1.6350537
  24.1617821  -20.15216008  -4.48833136]


[ 11.31586006  21.49528379  -7.82004676 -33.08623011  16.57596888
  19.7965737    7.60111388 -34.10158533  10.42982339  -0.73727263
  27.80102931 -13.15783178  -1.46904778]


[ 11.10108805  21.0773958   -8.9534007  -31.3521459   17.57982276
  15.79267747   5.66986207 -32.75128452   6.73682825  -3.95099799
  25.41151225  -7.40758375   3.2455267 ]


[ 10.93397868  21.00199736  -7.14199907 -29.38022384  18.06573871
  15.50241567   2.34889289 -36.95874715   7.10997324  -2.23013736
  27.0229531   -8.63254217   4.19446506]


[ 10.59308719  20.35393677  -7.55013992 -26.43554221  16.14601095
  12.59485091   1.45182755 -32.62395933   6.77470645  -1.17463571
  20.90160289 -10.88023553   3.85281816]


[ 10.0518571   17.29913131  -8.53721952 -26.27368016  10.20886126
  14.93829551   2.07771562 -27.62762851   3.48539951  -6.02995472
  12.77702742  -9.67949371   6.96449451]


[  9.82393872  18.1102754   -7.34242716 -25.55187584  10.94153604
  17.50367649   2.23718541 -27.89543833   1.30493683 -14.16404822
   3.63093192 -11.68484966   3.95149465]


[  9.70461083  17.6233442   -6.31920054 -23.06949809  13.07806634
  19.08160656   2.1572276  -24.70765347   6.98942832  -6.98994107
  10.75624715  -4.19535741   6.93752478]


[  9.38363138  16.38157428  -5.98436687 -17.91478413  15.14870829
  20.29248255   2.92081681 -21.92583129   7.5556272   -3.68709851
   7.19872429   3.15198585  12.9267859 ]


[  9.22711399  15.83143694  -4.92831641 -17.15594991  13.62679303
  19.08262476   0.37308923 -22.61885383  10.88751156   3.90503705
  14.02325979   6.83761483  12.57850037]


[  9.12844815  15.75226278  -5.23649225 -16.24234029  10.99525551
  13.79557631  -1.24607926 -23.71505465   5.8887148    5.89786249
  19.06265028   4.17596657  13.03705156]


[  9.09664439  16.98723819  -4.72014359 -17.26283589   9.66830315
  13.04437399  -4.05747331 -20.64742543  10.92237535   9.08211291
  23.29679438   6.12782485  18.14649945]


[  9.09902721  17.29444528  -3.20681546 -14.12974247  12.23999036
  14.5867546   -4.62001798 -19.75130381  10.16025794   3.48694297
  12.68481992   3.60909082  17.50900743]


[  8.87714656  15.1924543   -4.23171741 -13.46006299  12.23732557
  17.44241175  -3.21339399 -17.17132557  11.42039747   3.04818993
  12.81294871   6.14439577  13.88735317]


[  8.77906796  14.05988288  -6.24943545 -14.2766876   15.79718229
  19.00903581   2.89878337  -8.30355274  22.1080082    7.64526826
  10.9580569    6.73365662  10.62563955]


[  8.6137193   13.98503665  -5.86821855 -13.28052639  15.78563153
  19.94668975   4.82907266  -5.25484458  21.72684374   4.13558621
   8.25265374   9.2536093    7.37999108]


[  8.71963234  14.8657202   -6.64155501 -15.16971801  18.01585199
  20.34987338   3.82645981 -15.67016176  11.99628813  -1.23635694
   8.21712708   6.49108587   9.32871102]


[ 10.05672624  23.117055     0.76030641 -14.24034442   9.89902034
   5.54001057 -14.42266426 -33.86213365  -5.39198648 -12.70265803
   6.7790172    0.71725989  11.27905259]


[ 11.03913836  24.95593725   3.11417134 -10.11288651  12.96898268
   4.0964063  -10.10528798 -32.10457471 -11.7749638  -20.08220019
   0.04802748  -2.97481425  10.40453427]


[ 13.17357856  25.23969924   5.18448832 -10.67731779  -3.85321011
 -10.16594409 -14.33815937 -31.57057924 -17.96564349 -13.84339984
   7.44946168   1.39352608   8.41341282]


[ 13.63214898  33.97277817   4.64261398 -27.22581952   0.98195739
 -10.48639955 -19.38139711 -44.9054708   -9.68612657 -20.70334909
  13.08304225  -1.0360423   14.99752167]


[ 13.52908373  32.00549941   2.56721293 -24.35832328   1.56204639
 -12.23655294 -17.26284747 -42.30898103  -9.0971657  -15.53052092
  10.95758348 -11.55763641   7.03904543]


[ 12.80357717  31.72945227   0.58289164 -29.98881515   0.8618349
 -10.88271317 -13.20282944 -38.35950042   1.34677924  -9.6521106
  14.84965536 -13.4164737   -0.67338598]


[ 13.1344212   35.33122244   0.46310225 -38.69492814   8.29497274
  -8.7184152  -15.88147533 -46.71779294   7.2028885   -8.95843685
  17.02561432 -11.63155622   1.60447206]


[ 14.19990368  29.88831736   4.06009101 -18.33949753   4.41788426
  -5.61269957  -8.69812427 -36.36890569  -6.93019352  -7.49816203
   8.52185793 -18.45733119  -5.41587425]


[ 15.53100802  36.94383955   9.40870321 -21.17175472   6.07933188
  -6.70132706  -8.83562288 -45.18786169 -10.60517915 -16.28328361
   7.49593098 -19.91698194  -2.08628065]


[ 1.64137178e+01  2.51233100e+01  4.10477766e+00 -1.43603019e+01
 -5.66370135e+00 -1.60964972e+01 -2.22968065e+01 -4.44393632e+01
 -2.37867919e+01 -1.81249160e+01 -2.19288852e-01 -1.34266447e+01
  5.04244878e-03]


[ 16.6243119   24.95388149   2.60307065 -14.50422449  -1.20843892
 -12.67963594 -20.07058268 -46.06536772 -22.09155233 -13.46545511
   6.65395699 -11.59561575   3.09936407]


[ 16.5331432   29.2599434    5.6792841  -17.32294766   2.50717181
 -11.78888602 -19.37492867 -50.73025615 -16.73472534  -9.03518583
  15.01185234 -11.72064324   1.81475574]


[ 16.23733806  24.2715715    0.19245844 -18.17638264   0.70665278
 -14.57896686 -23.15375927 -50.1854152  -14.9060242   -4.32177016
  17.84105915  -7.54278137   4.47845184]


[ 16.01259221  28.29969019   1.78222846 -20.1210606    2.83888224
 -11.53817449 -16.25474149 -45.83726802 -11.68867104  -6.21901255
  18.0980967   -5.99262095   8.60541819]


[ 15.87205185  27.66609077  -0.76856997 -25.23494548  -1.67805877
 -11.07344505 -14.65251768 -48.97797169 -17.0583117  -10.09260844
  18.23873783  -7.14546539   8.44583638]


[ 15.88262561  34.98265682  -1.22714913 -38.83612303   2.58082405
 -10.52190237  -8.97506442 -52.55836191 -10.94528427 -16.74463367
  23.62976252  -5.75929321  15.79463541]


[ 15.74000521  45.95826696   0.61965625 -48.86863052  13.51061328
  -9.00567022  -4.95353864 -54.1869676    1.95427864 -25.82749665
  27.85758512  -6.21047938  18.97564502]


[ 15.5839963   39.00915506  -0.83193125 -42.61440785   4.76331088
 -10.48406363  -6.7308487  -52.91885171  -5.31710262 -17.51210081
  21.1324031  -12.33430362  11.31055798]


[ 15.81545804  25.80199669  -1.43689771 -23.50157247  -3.06965616
  -9.14732057 -10.51767502 -41.08950104 -12.70349804  -7.15094882
  17.07354872  -8.19780333   6.18109998]


[ 16.08283245  30.91327334   0.72913438 -32.65710451  -1.50015357
  -9.49979269 -10.08919873 -54.07761217 -14.39296514  -9.20680283
  23.16666221 -13.06936884   6.46100724]


[ 16.11415422  25.11846998  -1.37219354 -22.08203029   2.07276485
  -9.72192624 -15.78833855 -50.6519191  -17.17898657  -9.12219537
  16.13551959 -10.61547929   6.55639064]


[ 15.84747057  29.97217237  -0.26107382 -30.47841427  -2.25522285
 -10.23774504 -10.77067735 -51.93980235 -17.62799008 -14.29196306
  14.17749487 -13.61597027   6.13229313]


[ 15.68301636  28.77505923   1.11793818 -21.82704525   0.61885174
  -7.00525582  -9.73311462 -43.03188431 -12.15184389  -9.18735369
  14.76763485 -11.36481204   7.98219278]


[ 15.47633671  39.73085464   4.35463873 -32.80169409   4.149159
  -8.3297195   -7.8120088  -53.70728226 -10.48811285 -21.15177124
  13.85644209 -19.10283242   6.32003201]


[ 15.43607616  30.00075501   3.44908636 -22.80196238   0.4530939
  -8.98296581 -11.55590621 -47.76194915 -18.83215125 -16.72267434
   6.68189936 -20.10914785  -0.77158414]


[ 15.66418045  28.38023793   4.31771772 -16.38984118   3.47375368
  -6.32997608 -12.14337234 -41.16505887 -15.555351   -15.82924222
   1.20621234 -19.37553383  -0.40462198]


[ 16.26373381  27.4855276    3.36404564 -18.32016285  -4.36274253
 -13.0728515  -15.21123795 -41.82097345 -22.9639406  -22.25027713
  -2.98584379 -19.60062812  -2.66956983]


[ 16.50942055  29.89242522   3.05414255 -22.51929204  -2.87307859
 -11.24299144 -14.77086615 -48.68339209 -24.12275862 -25.63493487
  -2.75170394 -24.7391191   -3.65026739]


[ 16.34768221  31.22774585   8.82125216 -11.64639716   3.70886659
  -6.21789833  -9.9294274  -37.97458478 -15.4499249  -15.5902145
   1.38628305 -20.581905    -4.11007602]


[ 16.11982061  33.76841722  10.34013473 -15.21629644   1.14246052
  -7.07333594  -9.37706616 -38.4208536  -14.26527602 -18.21032979
  -1.2427251  -24.03500028  -6.08146016]


[ 16.07702987  27.72746391   5.89781887 -13.65643339  -3.95316149
 -12.21139859 -15.60767243 -39.27978124 -20.56820082 -18.92994153
  -5.13630791 -22.51491802  -6.63600214]


[ 15.57522488  27.52615056   5.0987638  -13.34536398   2.33479547
  -7.37611516 -13.34575292 -41.19299874 -17.55740327 -16.54997207
  -1.58737644 -24.29623315  -8.90785487]


[ 15.19540452  28.34819258   3.62176747 -18.8811509    1.19624035
  -8.11799064 -12.11569803 -40.08457427 -13.58203451 -14.93059706
  -1.31340225 -26.40977983  -8.15298903]


[ 15.24062565  34.21628861   3.33864757 -27.45435357   4.88460053
  -8.53726587  -9.01686815 -48.06762662 -10.3995419  -15.59059843
  10.65238337 -28.44470101  -6.13289096]


[ 15.36681462  37.11273478   4.87904363 -31.20475431   7.16716933
  -8.81436197  -8.13997741 -54.97141714 -11.19662204 -18.44203865
  14.81522745 -28.23154311  -5.45161985]


[ 15.25151     36.50954966   5.29014399 -28.18852326   8.25725834
  -9.99845865 -12.48155506 -52.169941    -4.18328441 -10.91871016
  12.60683469 -30.86463622  -4.86270652]


[ 14.98154061  34.63657891   3.71208673 -28.61020994   0.17613828
 -12.46583789 -12.07130939 -45.86759185  -9.23151764 -16.34735134
   5.27346602 -26.18812222  -9.01462561]


[ 14.77991959  33.42560713   2.7062058  -26.08414002  -5.46056981
 -13.45002831 -10.2845287  -39.18388292  -9.30787556 -16.61468681
   3.99120013 -22.66852943  -4.8568127 ]


[ 14.9650825   31.17331679   5.56758695 -22.08477009  -7.43334099
 -11.5633137   -5.73065844 -35.42654893 -14.52215271 -13.82343325
   8.17881719 -16.40696208  -3.49873007]


[ 15.08030684  33.81837842   4.32993463 -26.6083738   -5.97105869
 -14.16240434 -10.56518727 -38.9703952  -10.89441784 -17.70559718
   5.78928491 -17.29187288   1.11154526]


[ 15.25937519  41.10347655   4.66006232 -33.84571301   3.42041822
 -14.94138825 -12.5481505  -47.02829996  -6.59775582 -26.55590708
   8.02893305 -21.64067277   4.06304359]


[ 15.34880542  36.78416818   5.86124504 -30.70536875  -3.64219972
 -13.94382942 -10.61410384 -44.3834805   -8.53593439 -20.86283836
   3.57136953 -21.64494991   1.5612342 ]


[ 15.31101389  34.6127102    3.94238477 -26.65753306  -2.46991319
 -12.97439861 -10.17704747 -41.66777786  -5.5945207  -11.64600149
   7.62067517 -24.04025457   1.70113421]


[ 15.25241314  27.81402423   1.68241911 -24.08079356  -8.70670019
 -14.82725378 -12.86979536 -39.64496814 -14.11941342 -11.50734058
   7.01532698 -16.33437558  -0.97157527]


[ 15.16284526  32.93601582   1.69953794 -31.82540417  -3.95508074
  -8.93755347  -6.67692664 -44.41207023  -9.14349928  -8.34486183
  18.80812675 -11.68517059   6.02401116]


[ 15.01911855  41.20405184  -0.79434144 -46.96309239  -0.25566447
  -7.49404038  -0.23872381 -47.47988893   1.57562014 -12.62011831
  24.7823738  -20.36098857   8.29394903]


[ 15.85039331  43.82887438   1.00448543 -48.39829813   2.529668
 -14.85220787  -3.43557905 -49.08368624  -0.12484947 -17.41375334
  22.58307672 -10.50394617  13.86063657]


[ 16.6384769   32.13581416   0.85420186 -35.24672253 -10.50541469
 -15.12256247 -12.07932243 -52.76082344 -18.14886711 -15.54040786
  14.46030638 -15.87112948   5.02049264]


[ 17.13600528  23.81074042  -0.59772152 -22.72063569 -11.39572649
 -16.15464379 -15.22783737 -41.76903613 -21.90431147 -15.77776034
   6.37634307 -11.10001249   6.97210142]


[ 17.52659714  25.47154888  -0.04727849 -22.54731418 -10.01520699
 -14.23372954 -13.48349446 -38.63690994 -20.29148517 -19.62111733
   1.57738551  -9.81497635  11.5675408 ]


[ 17.64459258  34.66216665   3.31525333 -29.12035197  -3.66868529
  -9.45089548  -5.78899274 -46.364597   -17.37426009 -22.85088275
   8.50147031 -14.78039567  15.12675228]


[ 17.65830122  24.94161556  -0.53169822 -23.15256599  -9.80907842
 -16.36260931 -16.95871971 -41.20382435 -20.20239712 -19.68243543
  -0.18080036 -12.65439692   8.87931681]


[ 17.61546011  35.59171608   5.22036067 -23.77571772   4.81214859
 -10.38742315  -8.2173835  -40.23536924 -14.89828661 -28.82503152
   2.02287147  -8.44951874  16.85034229]


[ 17.54025641  27.45523178   3.57300239 -19.76703552  -6.74344673
 -12.40501086 -11.32170692 -38.10505298 -22.71213286 -22.5327545
   2.49317844  -5.38117777  11.39927999]


[ 17.31176587  27.40279214   2.01851842 -20.19582089  -3.84832296
  -9.59075137  -8.10747862 -35.6228677  -21.00065291 -24.90599326
  -0.22561635  -7.10667399  11.21474735]


[ 17.07061959  31.52776607   2.38047214 -23.83053782   2.1100314
  -4.87430597  -3.63329719 -40.05289179 -19.31733407 -26.99608785
   1.39664185 -10.44331655  13.65117204]


[ 1.69042238e+01  3.50783625e+01  3.97212559e+00 -2.68605702e+01
 -2.05802539e-02 -6.31936486e+00 -1.51415381e+00 -3.90027110e+01
 -1.56521379e+01 -2.69239002e+01  3.77690836e+00 -1.10625404e+01
  1.31260282e+01]


[ 16.73297793  24.53141392   0.76103335 -20.45321356 -10.53167652
 -11.92638481  -8.04675991 -32.24945548 -25.33128087 -28.36121105
  -5.62073916  -7.1990152   10.62280899]


[ 16.69503046  24.35284311   0.19233687 -20.05240369  -8.24068917
 -10.01718617  -9.45512182 -35.78621514 -25.97971457 -26.51564221
  -3.83697491  -8.18482567   9.97302348]


[ 16.72168156  33.78281191   3.04542597 -28.85240956  -3.23739897
  -5.82979839   3.66398684 -33.63145841 -17.19051479 -30.43860305
  -0.64803488 -10.78206632  14.06563412]


[ 16.77042398  38.32129247   2.44446372 -36.33849286   0.18082067
  -4.34046253   7.91709865 -38.03178734 -12.12868134 -29.07088267
   5.83553903 -18.01692918   9.21007236]


[ 16.76924912  42.79308805   1.20491311 -45.40361798   5.96828416
  -6.13918247   7.06426405 -45.38374179  -8.33632905 -30.88396766
  11.28293943 -20.71249858   7.87549704]


[ 16.52174403  30.70259499  -2.03323763 -35.12853605  -5.30514926
  -4.5733292    3.74306913 -38.67129134 -17.50230299 -25.09747371
   4.74506976 -18.07917844   5.31436064]


[ 16.39617578  30.01648898  -3.14313835 -37.8673353  -10.4109411
  -8.59886622   2.34989087 -39.7317484  -21.45930457 -30.07259453
   1.58132594 -20.82948061   2.73519761]


[ 16.40640301  24.99331111  -4.97094971 -33.95097212 -13.07811644
  -8.62950957   2.7143703  -35.53232893 -27.99551977 -37.37561302
  -6.19557836 -17.845001     5.09121922]


[ 16.3362035   33.52301529  -0.55216958 -36.10423088  -4.93225051
  -4.54345831   7.1705803  -39.4257512  -21.68227928 -37.17046475
   1.32380511 -15.62043083  13.12260286]


[ 15.82011042  34.17578423   1.6752816  -33.93194859  -8.21291736
  -8.07549498   4.34164284 -32.60337908 -14.94257286 -31.56075356
  -0.08761608 -13.4640826   11.09717731]


[ 15.45319789  38.66008168   0.59828157 -40.81218339  -6.16704523
 -10.70740626   7.64519846 -30.75948071  -6.13049798 -30.43870128
   4.86700156 -15.8231985   13.40911184]


[ 15.32105072  41.0690476   -0.16423432 -45.44160891  -4.59250438
 -11.47592938   5.86098785 -38.50580926  -4.31997396 -24.1026464
   9.11293951 -19.4547883   12.4113004 ]


[ 15.17661814  35.34678164  -3.48627811 -44.97879308  -8.5093547
 -13.93057868  -1.88746156 -41.17738093  -7.83869516 -24.21748918
   7.30143149 -16.65213507  10.93934195]


[ 15.0054072   28.20354839  -3.55251095 -35.7421318  -12.47845874
 -11.94329792  -2.7233105  -32.95455147  -7.88306978 -14.05258661
   6.5970107  -17.1862342    4.61501491]


[ 14.82401504  28.63604699  -5.85277052 -40.83206494 -11.82216937
 -11.7238612    2.81839971 -28.1442326    2.22191223  -7.37536392
  11.35091774 -17.67832567   5.5255738 ]


[ 14.83476669  31.8037239   -4.82191205 -45.61278095 -13.89141555
 -11.83699119   5.74909154 -30.9702254    0.49002803 -11.99096514
  12.24986103 -24.7999021    3.81280501]


[ 14.67883595  34.05476054  -6.84039104 -49.81384268 -11.45552052
 -11.72857755   4.92624272 -37.94211392  -2.42143978 -22.24675801
   5.21557435 -27.7116866    9.1125528 ]


[ 14.53275274  26.43412497  -7.60139008 -41.39104663 -13.6994648
  -9.98315752   6.13000673 -26.57749389  -3.98406184 -16.81359518
   2.95224284 -21.37184719   2.94820154]


[ 14.37349706  29.50890081 -10.19453633 -49.82908867 -14.49609027
  -8.21551194  13.48377179 -30.31124388  -1.40855578 -17.6477899
   9.02198048 -27.89321605   1.62182171]


[ 14.66150459  34.10991587  -7.11670774 -51.76669509  -7.96886889
  -1.8346523   21.42377927 -25.75441259   9.99080396 -16.46140416
   8.76277106 -29.53508669   6.91563752]


[ 14.54659819  30.5029742   -5.4105238  -46.24768641 -10.48477669
  -2.19604123  20.63044178 -18.56842      7.42348551 -13.67685439
   7.08295591 -24.0655594    7.92682827]


[ 14.52429042  23.26547263 -10.51656056 -39.57522105 -13.93702792
  -5.35851718  13.18176584 -16.58899564   1.11605188 -12.16239453
   7.94533818 -16.94901326   3.94010149]


[ 14.34555073  33.02920816  -7.86963713 -53.94173327 -13.40257472
  -5.8620442   14.16037849 -31.89375911   0.6483529  -16.26798394
  17.96459977 -16.84474158  10.31051693]


[ 14.37424047  31.34978089  -3.20526335 -40.45202209  -9.09443892
  -6.02806693   8.12560705 -32.87593977  -5.17510473 -12.91164897
  15.44037135 -16.60794211   5.98103105]


[ 14.61290922  34.75108522  -4.02653461 -46.05891269 -10.0961599
  -7.93127639  12.28210724 -35.22363442  -1.38131644 -17.01466399
  16.91655278 -17.45124376   9.02183602]


[ 14.68717989  40.43448009  -1.00514787 -53.18737902  -5.09333563
  -0.05622653  14.6561452  -37.0573727    4.34588983 -19.08225166
  18.03482839 -21.35296372   7.29685871]


[ 14.44218775  28.15034347  -8.61567709 -47.82422612 -13.55840475
  -5.67982057  12.1233466  -30.57833288  -5.78626309 -15.01556318
  13.26159236 -21.95121001   1.0906786 ]


[ 14.65540181  32.96720919  -7.92974681 -49.49245219  -5.32841337
  -7.23663132  18.19712222 -26.36248618   3.34811066 -19.07628886
   9.25827005 -22.36542792   9.04403187]


[ 14.85201336  27.30685825  -8.43343828 -47.61006733 -14.4683458
  -4.99062874  19.36041679 -22.21401397  -4.29134514 -23.63459768
   4.09655657 -21.48924215   5.27280522]


[ 15.12263887  31.6323557   -6.28158499 -51.94157804 -11.61107935
   0.12212676  28.03181854 -22.10218383   0.27934754 -22.88515365
  10.55261731 -22.05579047   8.41236513]


[ 14.81785555  33.36037567  -9.74704349 -58.02573572  -6.65862309
   2.32443885  20.31312988 -34.6148569    4.32531457 -23.20714366
  11.01076861 -28.93251528   8.29282917]


[ 14.73006861  25.19013371 -14.31059761 -51.12025208  -9.33467058
  -1.79699978  17.63542299 -26.77512611   1.54869448 -13.36831825
  14.55098478 -20.86948407   5.46248324]


[ 14.5803428   26.39276287 -14.57460342 -53.11392682  -5.74054066
  -1.52126213  15.53120226 -31.27775607   1.41917881 -11.56510386
  21.4951176  -18.61983642  10.22126027]


[ 14.56996396  23.68262819 -11.66567598 -47.62106467 -13.02576456
  -0.89486258  17.18953493 -28.11520366  -3.33843216  -6.99050554
  24.3577942  -15.63184678   3.23939235]


[ 14.61162868  33.2317934  -10.7055615  -56.79016456  -6.48753623
  -2.08118022  18.45671267 -33.2693392    8.11164197 -11.124284
  25.6555475  -25.32996363   6.72386897]


[ 14.5108133   28.35471273 -12.48723685 -51.11764589  -6.00069397
  -3.78217909  17.23898215 -25.94983003   8.12555896  -8.23908364
  17.25574157 -18.76949499   9.50947675]


[ 14.23953727  22.75688796 -12.84372546 -42.75463242  -8.52066628
  -0.57685303  16.26825884 -18.84279201   8.45406228  -2.28783382
  17.37626791 -19.58951279   3.79278137]


[ 14.14332991  30.01552114  -7.16923168 -50.89221862  -9.21950751
   4.47085982  21.32070955 -32.81686611   2.21304912  -8.50720839
  20.97121237 -26.59447264   3.08719358]


[ 14.12905108  32.59085719  -7.62201819 -50.37302349  -2.53151776
   1.83075704  18.03478593 -33.67674172   0.86881231 -15.88757958
  18.91184803 -26.86786426   1.66286272]


[ 14.20100469  35.22457536  -6.46984143 -56.25660277  -8.28276402
   0.57372419  14.42657062 -41.8726655   -3.00838903 -19.22535277
  16.22430375 -30.78238441   5.7502982 ]


[ 14.47650606  28.67432105 -11.14265356 -47.49843695  -7.16034945
  -1.10134223  15.00647808 -32.69940338  -2.72977542 -16.42401121
  14.13710913 -26.06908953   1.66017566]


[ 14.64552609  33.33838453  -8.11748864 -55.25014539  -8.26553007
  -1.89686279  18.1148756  -35.2406957   -0.21998154 -17.76857958
  15.48158281 -26.84693297   5.75777593]


[ 14.68861453  29.57996701  -8.32673153 -45.1125905   -6.74013344
  -3.43113673  11.12198297 -33.25126805  -3.00606496 -16.70215682
  10.53200909 -23.02073914   2.52350504]


[ 14.82522109  22.93223623 -10.8767802  -35.780401    -6.2423907
  -2.81087543   4.30197223 -34.30027845 -11.65222732 -18.68641305
   6.19118662 -23.19965741   0.77999921]


[ 15.02239861  29.81955513  -5.32823416 -40.32177405   0.97554384
  -1.05087591   6.052172   -48.50715232 -16.58143815 -20.90992753
  11.5558849  -26.42566139  -0.26017022]


[ 15.34855703  32.23356216  -4.67509161 -40.26292072   8.33144043
   2.07503844   6.93529948 -52.24042356 -16.32739682 -24.83784323
   9.07181527 -28.48431325   1.80034793]


[ 15.41992953  30.75362045  -3.44706091 -30.2566237    8.28881547
   5.64496812   8.33766763 -43.80715623 -15.56567625 -24.63915237
   6.61219902 -30.30762201  -0.55879413]


[ 15.48665372  33.26515484  -1.65461049 -32.50494819   7.76783109
   0.37315109   5.36208474 -43.31001371 -13.02035899 -24.59305768
   4.55327681 -26.61647862   1.45063961]


[ 15.71184589  34.38170789   1.34935972 -33.86969117   5.58375474
   1.61775811   5.18617083 -49.18126878 -17.70485166 -24.3760213
   9.24108253 -26.31773342   0.23520872]


[ 15.93494511  28.79267411  -2.95132833 -30.44755188   9.02998356
   0.88131135   0.2920801  -48.39891663 -18.31674327 -23.18959695
   3.74244558 -25.76714351   0.37958459]


[ 16.01485299  30.6637163    0.1350751  -30.44143914   2.05792145
  -0.07628609   3.64052827 -45.37295368 -20.08605923 -23.55430541
   7.77667865 -24.55587163  -0.71370351]


[ 16.02150877  29.39853704  -2.73020231 -31.80204123   0.73229794
  -4.21912967   0.37178115 -39.82604105 -14.53817094 -23.20603416
   0.6607426  -23.20796368   3.15468178]


[ 15.93892676  39.35365953   1.07673616 -43.26463981   5.8156663
  -3.21703793   3.06910653 -41.98396273  -4.39353103 -27.75460924
   4.7465706  -21.16014142   5.85111691]


[ 15.86977698  32.79254752  -2.80413012 -36.59026986  -1.52408408
  -4.30601814   6.55312606 -38.19748361 -12.1367053  -24.47495337
   7.71924454 -21.57649393   2.23788994]


[ 15.86051321  29.36166672  -3.62564953 -35.95357595  -4.87201932
  -2.30151632   4.60810043 -40.13150811 -18.71473628 -27.39035207
   1.88453081 -21.1522148    5.21402481]


[ 15.89978749  35.83327833  -2.52302428 -48.32985273  -6.75376389
  -7.64020806   2.50487863 -46.09639522 -13.03465887 -31.99284491
   3.76519664 -24.59372372   2.02863463]


[ 16.12386496  31.73174979  -3.08617998 -40.31179878  -4.62246884
  -2.85179033   7.6295583  -36.90721178 -12.56675793 -25.87921817
   2.45142681 -24.60818906   2.26688178]


[ 16.23098995  33.56978002  -5.3542692  -45.00255742  -5.38609723
  -6.07698192   6.10422324 -42.42297746 -11.6966988  -26.95510775
   4.8966935  -26.68572719   4.07397386]


[ 16.3590076   24.15707378  -8.11057549 -39.9785438  -13.26340454
  -6.32982044   4.05274146 -38.56782459 -24.17654439 -29.98714229
  -1.50662449 -22.77352435   1.88042901]


[ 16.24873756  24.3117686   -8.18777344 -40.59694998 -11.44159037
  -4.31238082   4.22169611 -41.90000229 -25.84485233 -30.30352133
   2.4819182  -17.98924679   5.93726016]


[ 16.22831404  38.78433915  -6.3221274  -53.12183995  -0.83805589
  -1.25001083  12.04096935 -47.06226842  -9.20200988 -29.98618255
  12.67324625 -27.01175077  11.880507  ]


[ 16.11155488  29.59292064  -7.66981476 -38.62743902  -0.79843674
   2.03581665  11.48810334 -35.23328849 -11.42551497 -26.16441165
   3.79523612 -24.31028322   7.90141786]


[ 15.8886736   35.51686763 -10.46164118 -47.48129014   3.00368817
  -7.78268025   8.0372382  -42.07533416  -7.21330844 -30.50485128
   9.70288793 -19.9687154   13.78130043]


[ 16.21384612  32.31902076  -8.73403697 -47.68796483  -0.06470751
  -1.42475926  11.40690796 -42.69051095 -13.29346902 -28.94261125
  12.99839076 -16.77882098  12.1300394 ]


[ 16.34023829  33.26119554  -6.90169683 -47.74952491   0.53098466
   1.11670978  16.02336257 -41.02519717 -13.41511634 -29.17997904
  12.49822496 -18.13856148   9.38094215]


[ 16.43826576  31.51755266  -6.64636469 -42.74867425  -1.27852095
   0.40308723  13.0880609  -37.63389993 -10.61847786 -22.49240517
  13.4180839  -17.07543077   8.89280696]


[ 16.52094452  31.02939934  -8.99927663 -47.97737299  -4.41095577
  -7.05707212   9.38852207 -38.44904508  -8.4701455  -22.75973682
   9.45717024 -22.31934449   6.09456555]


[ 16.64500222  25.62932843  -9.84595138 -40.59509631  -7.41835384
  -2.4813198    9.09602674 -32.45692011 -11.30016993 -23.68069222
   3.73158647 -21.05449122   8.05423241]


[ 16.60698309  31.11033462 -11.06450033 -53.51723542  -5.14201752
  -4.14538465  10.02484158 -43.54903901 -10.42570391 -26.91761802
  12.11348059 -20.60426389  11.36060404]


[ 16.42800136  26.10769774 -11.93515497 -47.40360034 -11.58508237
  -6.58493726   6.137905   -40.78108487 -16.65806073 -24.22399198
  11.08189652 -17.33162356   9.46661337]


[ 16.2063777   33.17303971 -11.75588603 -52.43431915  -5.97162421
 -10.5813634    7.43516725 -44.4668009   -8.92072435 -26.70279722
  13.85153963 -16.35246151  14.40268312]


[ 16.11364385  24.44795526  -9.97095186 -41.89023851 -12.05959711
  -6.71775644   5.07799709 -36.62135474 -15.27801708 -18.47316573
  13.87258207 -12.17506079   7.20791602]


[ 16.51577128  20.29097687 -13.71136989 -41.9332556   -8.88663338
  -6.44562423   3.91930614 -35.38534019 -14.58319148 -18.73268392
  10.93619825 -10.60501415   5.80871192]


[ 16.73915203  28.73325271 -15.15135345 -54.00586651  -7.14919312
  -4.48245534  10.39233459 -46.2060388  -12.31834191 -24.41097352
  20.18143254 -17.99071416  11.66705623]


[ 16.74522733  26.42412615 -14.92017114 -54.15731172  -8.34841049
  -4.15631808  12.07790408 -43.1987984  -14.16291131 -24.71260515
  15.7215813  -18.61388841   9.15011492]


[ 16.63856678  32.25323877 -14.50051055 -64.69822222  -8.66311233
  -5.6267917   12.09267565 -49.10886867  -7.99671086 -27.12230872
  14.00584224 -28.85566713   6.49465892]


[ 16.60457527  29.61927881 -10.85005029 -50.03352018  -6.88686671
   0.87304055  18.64208696 -34.64475703  -5.13688055 -18.15376092
  17.55812408 -23.86602154   4.06610097]


[ 16.69818116  22.41957387 -17.14583735 -53.75657992 -15.75384266
 -11.71496253   4.24141776 -39.52381293  -9.45516964 -16.64153594
  12.10044705 -24.71364     -0.47348696]


[ 16.83979636  30.84336283 -11.9693213  -55.84718929  -7.04354248
  -5.03860195  14.68630771 -40.04860198  -3.0588541  -16.7407176
  17.84639093 -30.16882404  -1.49621744]


[ 1.69283721e+01  2.96129530e+01 -1.06543398e+01 -4.90540839e+01
  5.28323716e-01 -2.16253023e-01  1.79375171e+01 -3.48152776e+01
 -2.73244821e+00 -1.65025293e+01  1.50593481e+01 -2.54650245e+01
  5.47386184e-03]


[ 17.0976148   26.82366244 -13.56326195 -54.97406153  -7.7168315
   0.47461714  16.55954363 -41.70412232 -10.59852612 -22.15213771
  13.82915585 -26.9994988    3.45555964]


[ 17.06534934  16.92616029 -18.14945122 -46.31928466 -13.02683478
  -6.87919077   4.70779353 -35.52587439 -14.75457171 -19.31781261
   7.8902651  -18.66999944   2.52663028]


[ 17.09828817  28.88206728 -10.9223958  -52.80991304  -9.2569614
  -3.65783526  13.89653574 -38.27618243  -6.80928699 -18.16834884
  14.12417308 -25.9170267    2.76097142]


[ 16.95992164  21.07949317 -14.50334539 -48.45801902 -15.94357992
  -7.9720245    6.83496657 -36.9611332  -16.58342282 -22.39858208
   7.56341167 -22.99621278  -0.71319235]


[ 16.96083939  29.21960782  -8.102721   -43.64178064  -3.10656778
   3.51491021  18.87238481 -35.46496812  -9.48618338 -18.01882761
  18.47636208 -23.17805669   1.23586721]


[ 17.06608955  31.71955506 -11.94297912 -52.14540403  -4.69415605
  -3.16339111  17.22293647 -37.64786856  -2.62998705 -16.61996027
  20.9666775  -23.89964519   4.33800626]


[ 17.28867225  27.38992176 -15.30772272 -61.61137834 -13.24796683
  -9.13504969   9.33455754 -49.80941006 -11.41350477 -18.08534845
  20.77580989 -27.07092342  -0.73491678]


[ 17.16400963  23.5970127  -16.45391129 -52.23914534  -9.7903518
  -6.86339435   6.30544125 -44.1388528  -10.77754879 -17.01680199
  16.79408608 -22.97148922   2.07205365]


[ 17.04933215  24.40593062 -16.94094339 -52.59593634  -7.30843651
  -4.40160822   8.74359953 -45.97915769 -11.79245816 -19.03848577
  18.59406655 -24.75720348   2.8120896 ]


[ 16.90724831  37.1112559  -14.58643499 -71.04873979  -1.23979634
  -6.7005231   16.3836519  -53.47749425  -2.08804064 -22.24336236
  21.52508831 -31.8317346    3.5399826 ]


[ 16.89175996  23.776877   -18.52752814 -51.98736741  -5.5371293
  -6.60635645  10.13220505 -36.39930594  -0.93441832 -10.3113191
  20.79093178 -17.70430396   5.45459096]


[ 16.95736368  29.01796882 -12.08562415 -57.05644262  -4.39695237
   2.53285365  17.93993565 -45.88220705  -7.27587462 -14.22190485
  27.78336811 -21.06452538   5.46469177]


[ 16.98839155  25.65948674 -15.50389609 -50.7009763   -6.36724372
   0.88266936  16.76329772 -38.02830066  -7.89220114 -17.78682806
  21.07275565 -21.00680471   6.0931887 ]


[ 16.86715731  30.37116117 -12.24043839 -54.11040817  -1.85760639
   0.22798373  16.93920375 -41.73546984  -5.15185717 -17.45031683
  20.19076822 -26.35755312   4.3323557 ]


[ 16.91809025  26.35122871 -17.65874488 -54.87840765   0.48388522
  -4.40381654  12.94825985 -40.85610108  -5.5467769  -20.23066604
  12.95066445 -22.74251293   7.56518462]


[ 17.48093415  21.57057928 -14.23604262 -46.23260581   1.94065622
   6.38010444  15.8734862  -40.50300134  -9.20172495 -13.88508396
  17.31308458 -24.93623482   0.37350289]


[ 17.54527555  20.15048074 -15.34657326 -45.08198044  -2.14368177
   3.4740275   12.26144713 -41.40798541 -11.12058888 -14.35472875
  17.6791993  -26.30419343  -2.28099958]


[ 17.33422529  24.75336919 -17.21090944 -52.08044074  -5.20836676
  -3.20447761  11.30164563 -41.50876002  -8.94008563 -20.18804158
  15.17500195 -24.07274987   3.62679908]


[ 17.42521116  19.92472058 -16.74399262 -45.58941153  -8.43311673
  -1.56620338   9.81118615 -38.49632471 -15.66011169 -21.29542694
  14.12805574 -19.09967239   1.81990217]


[ 17.40279229  35.63278925  -6.98842264 -58.08443343  -2.33592046
   4.18343952  24.27415202 -44.53373264  -7.2589418  -23.06482162
  23.76038259 -24.92493258   3.30361175]


[ 17.26384185  22.29940959 -15.22132784 -50.29590601 -12.9707026
  -2.77693761  12.50692677 -37.86432848 -13.58978938 -20.03173452
  13.7949352  -24.73012818  -0.91202111]


[ 17.32041299  26.54501067 -12.20037995 -52.31579576  -9.88348554
  -2.29205862  16.41854208 -34.52167309  -5.03203436 -14.19272255
  16.13967196 -26.44351185  -1.75077214]


[ 17.14732254  23.77563506 -13.33800913 -49.523196   -11.03006765
  -3.27001527  15.37484999 -28.1951264   -1.67754809 -11.01124375
  15.02127964 -22.73206692  -1.0876491 ]


[ 17.35339121  27.22521682 -18.02324797 -65.03471086 -13.88362018
  -7.93349625  12.71890354 -42.10195597  -1.83482429 -15.50194925
  19.45201896 -29.93147961  -0.97916863]


[ 17.26174715  33.84368986 -15.54728454 -65.63224285  -3.73143862
  -6.40628317  16.29676356 -48.58918059   1.41898909 -13.84751616
  28.0958274  -30.75865489   1.57213413]


[ 17.40623011  19.67083643 -20.79575544 -55.65326807 -16.30937907
  -8.75843624   7.67371912 -39.74810386  -5.8088588  -10.64153427
  22.01217035 -25.11260559  -2.91901651]


[ 17.22304571  35.04545507 -12.89779406 -60.67305196   2.36790289
  -5.29535362  21.68268096 -40.34787672   2.02999983 -21.2480596
  20.45936092 -30.46922776  -0.63459442]


[ 17.26342555  20.88558478 -14.5659437  -47.65941062  -6.67508409
   1.8891662   14.75376136 -38.94237867 -12.61699775 -16.81777574
  18.07461665 -23.56023     -1.914286  ]


[ 17.10487812  27.54663764 -13.94047381 -55.88983602  -4.15109239
  -0.52748644  15.95001563 -46.9699317  -10.6217206  -18.42660002
  24.11882672 -21.91863289   2.73423465]


[ 17.0277762   21.44610122 -17.6937979  -54.14941732  -9.21070566
  -5.59000888   8.91264852 -44.68794567 -14.68469591 -19.66104302
  18.4086719  -19.45795268   0.33015271]


[ 16.98715413  25.37894539 -15.95293671 -54.85083697  -4.69972553
  -0.40781536  15.05270923 -44.75244418 -11.01035317 -19.19582465
  23.92865767 -19.68637376   2.88518335]


[ 17.05991645  25.03998927 -16.22066299 -52.97384063  -4.26691758
  -2.92126963  13.84840236 -41.54823867  -6.36717764 -13.51890991
  26.09931935 -17.15377963   2.92987916]


[ 1.72832599e+01  2.86908725e+01 -1.65508943e+01 -5.55565838e+01
  4.21071399e+00 -3.74663556e+00  2.11463604e+01 -3.95691966e+01
 -1.96886877e+00 -1.64143479e+01  2.34495980e+01 -2.11010628e+01
  3.59186969e-02]


[ 17.42968445  28.34456602 -16.64893427 -60.44424107  -4.06183628
  -2.92632267  16.51310126 -49.02076534  -7.92226726 -17.20712483
  28.07705957 -25.29094292   0.81935774]


[ 17.22302381  28.78183214 -15.31192466 -58.4899979   -5.21519017
  -1.50856815  13.75678189 -49.88216706  -8.03673351 -16.84056127
  26.14861613 -29.38821443  -2.24893654]


[ 16.90778335  18.97955885 -18.25809736 -50.44087306 -11.74841888
  -8.14759784   3.30326085 -42.65891798 -12.58177036 -14.82358754
  14.79326416 -23.74334039  -4.01400166]


[ 17.07835119  22.3047381  -13.25813749 -40.97454948  -2.827282
   1.39096192  10.252142   -35.96111306  -6.92829794 -10.55747929
  19.03230128 -22.06193046  -2.33233333]


[ 16.9190259   21.76871239 -14.69571197 -49.57999285 -11.03048099
  -3.56256697   8.06880413 -43.12833296 -13.06302363 -14.17729094
  19.54557605 -22.67819968  -1.7289082 ]


[ 16.60109486  34.11918492 -11.24070277 -56.2135356    0.43226305
  -3.46143872  13.22232246 -47.80247993  -2.69936767 -16.8956147
  20.79741965 -26.5047564    4.84817478]


[ 16.47562123  26.94353538 -11.67758377 -45.00452096  -5.51260882
  -4.94496784   8.54939252 -38.20979575  -9.41777672 -17.1071371
  17.06381406 -17.37410437   5.18801086]


[ 16.7467975   23.70308313  -8.28402489 -37.67902071  -7.48683053
  -2.86677755  10.75795461 -26.98154654  -7.55178567 -12.61796351
  14.43575433 -13.89294907  -0.88282283]


[ 16.94671248  32.60428082  -7.79945182 -53.7757187  -12.07969232
  -4.55271259  16.66475184 -39.12423128  -6.12709558 -18.2472287
  21.43420057 -26.35675764  -2.508528  ]


[ 17.11249357  23.64570327 -11.72819063 -47.49908489 -14.39234768
  -9.16852561   7.97904951 -32.23485453  -4.03798676  -9.45862757
  15.57989187 -24.19085503  -6.9228653 ]


[ 16.98800656  27.35722366 -11.82014244 -45.31364379  -9.11808695
  -6.65564191  10.55377121 -30.47514962   0.92537344 -10.97514602
  16.11015505 -25.69231604  -2.25867886]


[ 17.03635248  33.16297266 -14.62706982 -63.4033187   -8.65286593
 -18.33231002   6.76537428 -45.46125732   2.25847813 -15.45858809
  18.33088277 -31.44523501  -5.19566812]


[ 16.92175532  29.8639466  -10.81733604 -49.83870582  -4.14886037
  -6.1191976   15.39189417 -30.67227806   4.35630515  -8.70727992
  18.98805414 -25.74493819  -5.08542088]


[ 16.76375778  18.15538583 -16.0992156  -43.75430031  -9.68155293
  -3.12512574  10.47778727 -26.99951337  -6.21314132 -11.0807432
  14.46561952 -14.87258559  -2.33771221]


[ 16.85100393  24.43265985 -13.6036586  -51.77754276  -5.43647195
   2.28688583  17.97034879 -38.89397888  -9.06995377 -15.39504302
  23.50542185 -17.61167114  -0.60986738]


[ 16.78802388  22.47701079 -14.8369088  -50.92239856  -8.89862807
  -1.5266995   14.62711829 -38.0469925  -10.50107431 -13.55424398
  26.45329127 -14.82204351  -0.81693594]


[ 16.79774072  26.41621617 -12.09914774 -50.24633286  -5.61492095
   1.93126173  17.55732577 -40.99673619  -9.99832465 -15.07155957
  28.07091961 -16.6208419    1.40970859]


[ 16.89118189  25.21499056 -13.75522981 -51.71485783 -10.25140216
  -2.88503928  12.68888805 -42.10723599 -12.1464764  -17.43146837
  24.10272046 -18.52597011   0.48495635]


[ 16.83470624  24.25276775 -12.79555931 -49.01378827 -11.00680719
  -2.90357433  14.77083717 -34.75420012 -11.05580943 -18.78965326
  17.93513828 -17.76379689  -0.32183081]


[ 16.46924912  28.65817092  -9.53877425 -50.89825768 -14.16066448
  -5.30612021  14.05083878 -34.62353224  -6.88282737 -16.38171493
  17.85991669 -22.78007457  -1.55774421]


[ 16.34333573  22.5559909  -12.31496212 -43.81743465 -15.42703969
  -8.91371342   6.07260386 -29.46581431  -3.97817608 -11.39570196
  10.21179808 -25.91902202  -6.5276807 ]


[ 16.45979699  36.82833357 -11.07400349 -58.19347157  -1.93792463
  -8.72516501  14.16153778 -41.98118747   5.91702828 -14.69543532
  19.42197609 -33.2151999   -3.07637399]


[ 16.47227953  36.89239487  -8.57915485 -57.35513044  -5.32427218
  -5.04571246  15.6599056  -41.94218212   3.9497819  -13.65145678
  23.41203671 -33.35122554  -4.44950036]


[ 16.64876274  36.11598253 -12.45082733 -62.83087984   1.25831785
  -8.99305657  16.98020898 -45.16410803   0.70008035 -20.19680365
  23.75971397 -28.33637071  -3.14488531]


[ 16.53060997  38.08977033  -9.42981425 -65.91287497   2.13077249
   1.94266497  19.37462319 -51.42875541  -2.8623546  -23.86600683
  28.03442124 -26.22206863   3.75006674]


[ 16.64093052  24.38945305 -13.12832093 -46.38835764  -2.09626726
   4.50029791  18.01735023 -36.85939689  -8.36633173 -14.78825825
  22.45056227 -22.08527072  -3.93382733]


[ 16.40476332  27.24630389 -12.95340833 -50.9188655    1.88658178
   2.70184666  19.57627084 -40.06255608  -6.84045522 -15.80201334
  21.66837489 -23.65491891  -3.58022959]


[ 16.04165237  24.42540672 -11.92797362 -48.18108227  -5.53147383
   0.71175665  15.54232358 -41.61034936 -14.72543956 -18.34465643
  19.66276478 -21.6428372   -4.62652795]


[ 15.92718155  24.85574883 -10.62628251 -46.81276056  -7.05217624
  -1.77184558  13.59681492 -39.93028669 -17.20895869 -23.04957169
  16.47094857 -18.12349735  -3.53522961]


[ 16.00445312  25.21981015 -12.4541241  -46.81565268  -6.03362417
  -4.08171757   9.67956004 -40.00911251 -14.68481441 -24.48023822
  11.23867282 -22.14807     -3.09507133]


[ 16.03034661  22.17378957  -9.83452759 -39.05770037  -8.88358793
  -3.46717116   8.72133217 -29.84607106 -10.76095843 -15.70115771
   9.59673401 -20.36401271  -8.03859745]


[ 15.8805697   35.49446912  -9.88232046 -60.64084477 -10.72930379
 -11.3913794    5.39630732 -50.86486473  -7.69082611 -23.5164818
  15.51909539 -32.12293109  -6.4948302 ]


[ 15.96472474  24.19033827  -9.49703181 -43.4003725  -13.39199528
  -6.57606882   6.47693685 -35.11437282 -11.0984942  -14.04070684
  11.97965084 -27.2783145  -12.81295495]


[ 15.86502104  33.23800073  -6.71694118 -50.09430614  -7.20375479
  -6.35848055  12.50358948 -37.70657882  -1.22076933 -10.19378643
  20.21374555 -27.34094283  -7.96819868]


[ 15.5187108   24.69321778  -7.60318942 -37.14260617 -10.95078497
  -8.26161872   5.09677294 -26.04798254  -2.29232579  -5.99620331
  14.53652008 -17.89653803  -7.48221109]


[ 15.36342494  33.36910935  -6.02203327 -49.93595569 -11.89670838
  -6.92545357   9.8503363  -37.15942703  -2.79510704 -12.24621007
  20.50089983 -21.04543061  -1.85812974]


[ 15.94007923  27.93040246 -10.01794502 -53.26301826 -21.0654369
 -11.93523723   8.11934855 -39.25109685 -11.98221209 -18.17354722
  17.70792721 -23.80909747  -8.32140216]


[ 16.43021516  45.77481594  -7.36160406 -68.77821062   1.01804178
  -5.47496136  24.50064334 -46.14714621   4.54499251 -21.32053861
  31.81538209 -33.81535107  -4.7276073 ]


[ 16.3966758   34.40366544 -10.92976015 -53.79912617  -0.74476283
  -6.46478848  20.11282433 -36.09946927   0.16822308 -15.84739144
  18.48916745 -28.52592151  -6.91100154]


[ 16.25710017  31.04548258 -11.07124346 -53.04249523  -5.06789725
  -3.80178773  14.19212543 -41.5140883   -4.23485488 -14.27520301
  21.65652868 -30.08987695  -8.17566591]


[ 16.01949827  35.89494991  -8.35056065 -60.20140156 -10.71569274
  -6.53196299  11.9518718  -51.27685478  -6.85178545 -20.13497704
  22.76725758 -33.0857277  -10.72188498]


[ 1.59258698e+01  3.39879151e+01 -6.18885287e+00 -4.86069166e+01
  2.87735112e+00  3.35565037e-03  1.51588570e+01 -4.43161351e+01
 -4.28754905e+00 -1.32105019e+01  2.16374460e+01 -2.83609493e+01
 -8.88989464e+00]


[ 15.63137252  31.8655468   -8.54472184 -49.03634156  -1.08401328
  -5.10379593   7.61342972 -51.02073258 -13.01235922 -18.6631098
  21.71994337 -23.52478654  -5.13016688]


[ 15.74422751  36.53766242  -8.49047291 -48.47762549   8.90467859
   3.40498837  10.0980243  -59.52687224 -10.33358905 -22.09145592
  27.47254244 -29.32227067   2.1393245 ]


[ 15.47240282  36.99031234  -8.78722849 -57.09613855   2.57994566
  -6.96178113   7.50300696 -58.02971627 -12.45787281 -26.26194379
  22.13533424 -34.28709457  -6.01177657]


[ 15.57117681  27.57616899 -14.40852445 -44.40075858  -3.2963434
  -5.68708158   5.87077496 -42.35902591 -10.50658198 -21.7982872
  13.30798464 -27.77672974  -3.08791882]


[ 15.62425679  21.88575541 -11.41608377 -38.99689114  -7.45674258
  -1.40690431   8.97547022 -32.91141238 -13.53290727 -17.98651592
  10.53742547 -19.89988692  -4.62391722]


[ 15.55571198  35.64383438  -8.08483188 -60.4344398   -2.28313523
   2.00596295  18.6907441  -51.05126054 -12.41471413 -25.11130896
  22.94533206 -26.65069432   0.82369069]


[ 14.8702747   28.12418067  -8.20597911 -45.14415754  -5.86147871
  -0.0826976   14.99128955 -36.53690631 -11.78346846 -19.50636717
  14.56539337 -17.9966058   -0.76598224]


[ 14.57000725  18.1162733  -15.05015343 -39.58871451 -11.96936054
  -8.68224527  -0.66273736 -33.89061911 -13.76246667 -16.85821779
   8.47854981 -16.13608308  -2.82434459]


[ 14.76660577  22.22450615 -12.77811358 -43.93763126  -5.96746919
  -1.59086822  11.36043831 -33.61981626  -8.68010377 -13.66915075
  14.05647849 -22.46161238  -6.83772901]


[ 14.8290529   25.04031001 -16.06136575 -56.01293989  -8.92421362
  -5.36056153  11.36552733 -40.44349974  -3.85041513 -10.77657704
  21.51216811 -23.26334379  -1.95353427]


[ 14.41313418  33.0943208  -12.62738997 -61.64384538  -1.63611821
   1.10908318  14.22322841 -45.46196935   1.71182811 -15.72011866
  29.86818974 -21.43168383   3.55321353]


[ 13.90183172  25.4159119  -17.08957423 -53.88207673  -8.17434383
  -0.44107946  12.85658741 -42.47487612  -8.71444063 -19.50736761
  21.97395801 -22.48025934   2.40643953]


[ 13.6788194   28.95635995 -16.81401072 -64.25147037  -8.49002912
  -2.39571371  13.2155289  -35.89680174   2.2695809  -22.3555245
  16.18875544 -28.17000382   2.51003889]


[ 13.86534924  19.92583549 -18.8549177  -52.53732251 -11.02099454
   0.43820045  19.13512802 -24.95606975  -0.2780315  -14.88086304
  13.35851482 -21.251142     1.59167388]


[ 13.81706007  26.70851837 -16.71679886 -56.22158837  -4.03342189
   1.5813258   24.98058629 -19.05290858   9.07213648 -15.86411509
  16.21768005 -27.92159307  -3.17857712]


[ 13.76644965  23.02613642 -19.85939547 -56.85870924 -13.08306184
   0.22590372  21.44589644 -17.47506044  16.76686262  -4.23029226
  23.23860402 -20.95529823   1.95904288]


[ 13.82117946  25.53456436 -15.92950576 -58.50142339 -11.51310311
   5.67507037  28.12276374 -15.73685317  17.73870064  -3.31848843
  25.14603166 -22.10154681  -0.73467336]


[ 13.53728414  23.91667101 -16.52981812 -57.75354568 -11.58220141
   4.27724485  27.90771783 -13.40287511  14.51635974  -4.72940883
  25.62072488 -14.80455232   3.85546791]


[ 13.15679884  22.62496109 -16.41472006 -54.11801898  -8.25690356
   5.9455718   22.70594276 -18.08258967  10.36212522  -6.77657818
  27.48638024 -11.08840829   5.65311469]


[ 12.76957422  17.16489084 -18.7193889  -48.68565075 -10.08637807
  -1.40449076  12.89186688 -22.2548635    3.01182334  -3.27970779
  26.49399672  -6.47503815   4.21814639]


[ 12.73396637  25.93866451 -14.20830782 -56.86478712  -7.42765524
   5.36737177  14.01804782 -32.90004075   6.56516119 -12.73720406
  28.63864013  -9.05415185   8.40141217]


[ 12.63338971  21.8198682  -14.74989157 -50.6139374   -5.35501323
   7.00771547  20.24476529 -28.79791506   1.65875445  -7.0268564
  25.93716753 -14.3335801    1.32713806]


[ 12.43874439  24.01471576 -14.4881431  -51.18137152  -5.29772924
   6.37165258  20.84428857 -25.36102829   8.50858195  -6.64503579
  25.55801626 -11.73920686   3.68835689]


[ 12.20898734  23.76260908 -14.84612782 -52.3536255   -2.94679875
   9.97763931  21.74794348 -22.43808481  12.09747608  -7.7686311
  21.65158218  -7.74053427   5.97582072]


[ 12.01073597  23.63835826 -14.06405919 -51.9884977   -7.26185775
   6.69525534  21.63147144 -14.03586236  14.21433845 -12.37641836
  17.19414918  -4.83538142   5.92514371]


[ 11.84502284  19.17200706 -16.42651767 -47.55854712 -10.44929167
   6.12221966  23.63065624  -8.89913578  12.15819084  -2.15999453
  22.49759202 -11.49604358  -1.34430195]


[ 11.64774435  21.12781879 -14.58277629 -45.63319602  -8.90650142
   5.63682338  19.46146169 -11.80731686  17.48407999   4.75413652
  24.38143597 -10.50347591   0.80733399]


[ 12.0648448   22.2943037  -12.15467636 -46.38199322  -7.70401582
   6.98086386  20.95316427 -15.51737176  12.90920159   1.10212152
  25.21902142  -8.75024774   0.63139187]


[ 13.15015956  24.98961203 -10.26012519 -41.32194048  -8.11589236
   1.6103469   19.74745129 -15.73516475   9.55928602  -2.57661731
  19.68400988 -17.52004065  -3.8135694 ]


[ 14.67769772  26.03002128  -4.42450933 -35.60212222 -12.50029689
  -9.1962104    5.18139983 -24.2999261    1.57627086  -2.46659722
  14.1771248  -20.95100731 -10.27313265]


[ 15.20217925  35.9041658   -4.37365305 -51.63190581 -12.98097677
 -16.34919546  -0.10801932 -41.43962872   0.06521193 -12.58019395
  15.64777196 -27.09363879  -1.87519085]


[ 15.60382704  27.68407777  -5.98474734 -39.71779844  -9.96935975
 -11.37524474  -1.70675184 -38.94375578  -6.33067527  -8.79097921
  14.29564092 -20.89570737  -4.11445008]


[ 15.61485007  34.5686957   -1.73003494 -46.49186245  -3.67850639
  -5.15514549   2.94392139 -48.09936974  -6.23200146 -11.19387995
  20.17014878 -22.85103895  -0.60783866]


[ 15.9343513   41.93714398  -4.89809071 -59.58402351   3.19384276
  -8.85236778   2.24272786 -55.38936449   2.55334967 -20.66373374
  16.84291969 -27.38153381   2.16266806]


[ 15.93575754  27.58939048  -8.92007284 -41.97737232  -8.45688301
  -6.63723932   2.88738398 -44.22208595 -13.89680771 -16.60652959
  16.59632987 -23.55967367  -1.52402344]


[ 16.11846     32.34049518 -10.0129928  -48.69638121   5.65237939
  -7.52800113   8.42467976 -44.54359653  -5.74581454 -14.53491862
  19.09712989 -19.47175144   1.99011488]


[ 16.03978368  28.78951655  -9.229586   -45.21420208   0.90531513
   0.30593242  11.37079031 -41.67669743  -5.68019065 -11.22968443
  21.62031937 -19.98439881   2.27088499]


[ 15.90412056  34.74865328  -9.71577475 -55.17385786  -1.67130001
  -1.26591118  16.34719444 -48.50529507  -6.58645306 -19.29443836
  24.51738819 -29.92466496  -0.45181447]


[ 15.85089505  27.46235659 -12.1632978  -49.34159712  -2.171012
  -2.94275315   9.70795235 -40.93044608  -3.32734664 -10.99960339
  21.22808774 -21.06831182   3.37705455]


[ 1.60965691e+01  2.94093109e+01 -1.38556655e+01 -5.37594715e+01
 -7.35393387e-03 -3.50580531e+00  1.26290938e+01 -4.67529906e+01
 -2.60826756e+00 -1.15462907e+01  2.61588165e+01 -2.46618992e+01
 -6.11482105e-02]


[ 16.02397261  24.68050777 -14.61142142 -46.20604161  -0.05655664
   0.52535831   9.89108857 -45.02949795  -5.85806705  -9.53668753
  28.82364435 -20.13971374   2.38101425]


[ 15.64191861  20.48575775 -14.81683207 -40.20120026   1.14258989
  -1.18010087   3.87230409 -41.14038438  -7.22432181  -9.64892124
  18.39616575 -22.07240173  -4.18955117]


[ 15.37448862  30.32766415 -14.22882597 -56.40046171   6.02891815
  -1.62414948  11.06293482 -50.48375194  -2.63997926 -13.72660228
  28.75322225 -23.83603792   1.90643832]


[ 14.93228455  29.03024014 -15.10266978 -55.06381752   8.94120605
   2.96032776  16.96540395 -43.60345034   0.9962762  -12.51330696
  30.7942718  -17.61659953   5.10231287]


[ 14.67358628  21.86919045 -15.40906476 -46.01478887   7.85730028
   7.8760315   16.93453662 -39.85957468  -8.35097218 -16.60541648
  18.46000144 -21.85044574  -1.71690566]


[ 14.26690902  24.03753645 -14.43490142 -51.1377937   -0.8154376
   4.86585644  14.24963417 -44.20210715  -6.38569669 -14.27224831
  23.90514158 -22.20791565  -1.32415375]


[ 14.07184704  22.17994226 -13.98412589 -47.21132369   2.02719297
   4.26510613  11.90169486 -43.55239128  -3.38195159  -3.91134971
  32.11499168 -17.69820912  -0.3429459 ]


[ 13.95097944  21.05781872 -16.2544553  -43.10944617   0.78034936
   3.18105377   9.43160095 -41.21048216  -5.76882537  -5.06802048
  31.00473514 -16.92535675  -0.06176743]


[ 13.97778788  28.09409909  -5.77186288 -38.18342977   3.5800646
   1.5882114    6.35023545 -45.80814224 -11.03638212 -11.61739252
  20.78764808 -19.14924371  -1.17303093]


[ 14.27742296  32.81334607  -3.78386292 -39.35362101   1.33512276
  -2.0493476    2.6047027  -50.2560678  -16.71193212 -20.86509478
  19.30028504 -18.1109664    6.72751549]


[ 14.63978661  37.58270074   0.25328258 -38.5365166    5.54666547
  -1.89341854  -0.74249147 -53.12614785 -14.72122232 -24.5012405
   9.74501467 -30.24793058  -0.87015807]


[ 14.7439137   40.60188999   2.59321034 -38.43878904  10.25321402
  -0.13635225   0.58933384 -47.07417203  -4.0531732  -25.35679189
   5.15619511 -30.70204031  -6.32080616]


[ 15.01816461  35.05286908   2.87915689 -28.62071913   4.38912379
  -2.80420837   0.58595173 -38.88771197 -11.19278495 -22.25948328
   0.20820007 -28.09648788  -7.82903628]


[ 15.1772796   36.45899212   1.84103471 -33.474641     0.98614342
  -8.05360966  -4.56743013 -45.11736932 -14.99688612 -28.83796534
   0.29462658 -27.86532746  -4.7332661 ]


[ 15.18224682  30.7159632   -1.58829721 -33.09154672  -2.40542162
  -8.94026286  -6.78353626 -49.16213848 -19.42743768 -23.72028971
   3.56969564 -29.21347251  -8.92003932]


[ 15.20355991  32.46896616  -0.75703034 -32.18152445   5.31405651
  -1.8799301   -0.35120691 -43.76045656  -8.48027973 -19.51893498
   4.89083536 -32.09027149 -10.89265928]


[ 15.12819005  31.13361954  -2.22127706 -31.07977936   8.13685905
  -3.93107398  -1.47044607 -41.80145686  -9.80094597 -23.36197496
  -1.96172186 -37.59460541 -14.7516471 ]


[ 14.99545415  25.08549726  -2.70701081 -19.71588634   7.15374366
   1.95423178   1.23926213 -30.44551586  -7.62521165 -16.23668282
  -6.28929788 -41.97891963 -22.25772494]


[ 14.73586884  36.12381046   0.45576679 -35.52694825  15.87761062
   1.75036566  -0.18965394 -44.99164853  -0.21573656 -20.58676626
   3.1634552  -37.54909589 -15.55917582]


[ 14.80993864  34.55812604  -0.5447405  -33.83605766   9.62514746
  -3.39101988  -3.4956296  -48.18395039  -7.32886895 -22.02703613
  -0.3983578  -34.57625518 -12.03432158]


[ 14.68906386  34.35843415   2.2125896  -29.27887592   8.14156518
   0.93734777  -0.75361506 -42.01929212  -8.06787871 -20.92566275
   1.64275855 -32.39369254  -9.86789711]


[ 14.45483418  38.84057366   3.59183791 -34.23410155   9.22953645
  -0.16720663  -1.72843655 -48.46157575  -6.009924   -21.68869561
   6.8533245  -31.22813741  -8.13821863]


[ 14.43495651  31.31823357   1.64083841 -24.9383931    4.98946905
  -4.07662939  -8.79343611 -46.79861284 -16.44086199 -21.98644581
   0.05391651 -27.5531241   -5.67468465]


[ 1.48611103e+01  3.75990292e+01  9.83952811e-01 -3.61044675e+01
  1.15475670e+01 -7.28328729e+00 -1.19575906e+01 -5.91996304e+01
 -1.33588087e+01 -3.05933383e+01  5.65064454e+00 -2.51567464e+01
  3.41859556e-02]


[ 14.80962739  27.97621445   1.88888227 -22.54633026   6.59727316
  -2.37200918  -8.31428098 -50.84095344 -18.92523712 -16.92544675
   9.43355596 -20.45721522  -2.68583988]


[ 14.10226259  34.46498229   1.73847896 -29.08751899  21.38109395
   4.33095956   0.60512672 -54.47695623  -9.64387813 -17.93104941
  14.25372169 -27.80722019   0.71456258]


[ 13.25905943  35.1011559   -1.52875781 -38.4813115   16.99435936
   3.66994612  -2.09594797 -52.81394529  -0.26164447 -21.09933805
  11.66665395 -31.76127657  -2.83743234]


[ 12.87704148  24.67214905  -6.69171775 -29.06247618   7.86246528
  -1.08248485  -3.92526294 -43.43449335  -6.51706386 -13.58307285
   7.9612276  -32.15047319  -7.56775874]


[ 12.25355704  28.05493361  -2.54990051 -29.74744056   7.55947088
   4.39840383   1.61268877 -36.51724905  -0.48514373 -11.10887329
   4.80947331 -34.82257225 -10.68938359]


[ 12.10231977  30.71257     -3.44971849 -38.81099214   8.80804935
   7.86263165  -1.02575179 -39.82148115   7.39265157 -13.41704094
  10.9086492  -31.46717735  -4.12798905]


[ 11.87004538  30.30262929  -1.98973812 -31.1377954    6.60498784
   3.61498888  -0.9371168  -32.53859227   6.79407109 -10.37355455
  11.57209089 -26.47540553  -5.73997214]


[ 11.94595534  29.04251374  -0.94786655 -28.53458847   3.66827079
   1.65407684  -9.43221086 -43.24601897  -3.3695849  -12.10247208
  11.3280656  -20.63109601  -2.80034206]


[ 12.00707312  30.37188199  -0.58499166 -31.71625152   1.92049626
  -0.42177009 -10.32214851 -45.82939317  -2.04288876 -10.85919119
  11.41417749 -19.59474738  -0.26083596]


[ 11.857954    26.46383044  -4.21804142 -32.27446602   2.16373385
  -2.64047812 -11.34921021 -47.74872099  -6.56965042 -13.20390903
   9.04488775 -18.86093866  -1.68224838]


[ 11.7755029   21.39843536  -9.14188826 -27.91961106  12.78734119
  -0.69214359  -8.54557266 -39.51768293  -2.78885042 -11.02572355
  10.91111489 -11.27329954   2.75172071]


[ 11.80694808  29.0326193   -5.24544353 -31.85827291  21.05333514
   3.51236457  -6.53049527 -38.87840192   8.16406347 -19.36804428
   6.58480831 -14.49054836  -4.88622058]


[ 12.0370921   27.80351024  -4.55447626 -29.48965766  18.58119776
   2.73619701  -2.96447412 -35.52070916   8.71756157 -11.1150821
   5.06601875 -21.19393079  -7.16091678]


[ 12.04391689  29.71232679  -5.31799795 -33.61845071  20.02135243
   5.61589231   0.66181037 -35.27020764   9.39013921 -15.93109418
  10.19631912 -16.28611144  -1.84295966]


[ 11.93953041  27.37808338  -5.9748603  -33.74424577  12.66508559
   8.18398194   3.47289871 -30.41730022   9.39820815 -10.10556813
  10.99377861 -14.92040373   2.39060405]


[ 11.67970117  24.552585    -6.97559842 -27.9703793    8.69313932
   4.47056255   2.01506813 -25.62309624   2.17980808 -12.58202365
  10.82229702  -9.63186111   6.16157493]


[ 11.98874932  29.05331807  -7.13823765 -35.39138598  15.30082479
  -0.16067283  -1.32976019 -32.16194255   3.8585517  -22.20014831
   8.46297095 -19.65134773  -3.07704438]


[ 12.31536097  28.1863799   -6.41445948 -33.43869204  15.72322327
   0.84842202  -3.98154085 -41.44346056  -2.52192422 -20.63059036
  10.73680072 -23.7596528   -1.93450077]


[ 11.90418925  23.15869526  -8.24501615 -31.63064874   8.01152759
  -0.93344476  -4.99242252 -44.18866936  -7.65565484 -10.49682358
  13.11396715 -16.22944809   6.56103686]
